#DUMP_OFFSET.I,ELAPSED_USECS.D,ELAPSED_TICKS.I,CMD.S,INFLIGHT_IOS.I,TS.I,SEQID.I,LUN_SSID.I,OP.I,PHASE.I,LBA.I,NBLKS.I,LATENCY_TICKS.I,HOST_ID.I,HOST_LUN.I,LATENCY_USECS.D
0,0.000,0,RD_IN,0,26142233882462272,82183833,5,0,0,1170210688,8,85256,7,5,39.964
56,145.714,310856,RD_IN,0,26142233882773128,82183834,5,0,0,1170210800,8,42444,7,5,19.896
112,254.831,543640,RD_IN,0,26142233883005912,82183835,5,0,0,0,8,42928,7,5,20.123
168,364.283,777136,RD_IN,0,26142233883239408,82183836,5,0,0,8,8,41080,7,5,19.256
224,473.597,1010340,RD_IN,0,26142233883472612,82183837,5,0,0,1170210808,8,41412,7,5,19.412
280,565.346,1206072,RD_IN,0,26142233883668344,82183838,5,0,0,1170210552,8,41204,7,5,19.314
336,728.031,1553132,RD_IN,0,26142233884015404,82183839,5,0,0,1170210752,8,41232,7,5,19.328
392,809.689,1727336,RD_IN,0,26142233884189608,82183840,5,0,0,1170210560,8,41284,7,5,19.352
448,887.597,1893540,RD_IN,0,26142233884355812,82183841,5,0,0,1170210416,8,41484,7,5,19.446
504,979.309,2089192,RD_IN,0,26142233884551464,82183842,5,0,0,2048,8,41052,7,5,19.243
560,1061.818,2265212,RD_IN,0,26142233884727484,82183843,5,0,0,24,8,40908,7,5,19.176
616,1144.050,2440640,RD_IN,0,26142233884902912,82183844,5,0,0,56,8,41068,7,5,19.251
672,1224.060,2611328,RD_IN,0,26142233885073600,82183845,5,0,0,120,8,40688,7,5,19.073
728,1281.473,2733808,RD_IN,0,26142233885196080,82183846,5,0,0,16,8,40512,7,5,18.990
784,1336.399,2850984,RD_IN,0,26142233885313256,82183847,5,0,0,128,8,40488,7,5,18.979
840,1391.616,2968780,RD_IN,0,26142233885431052,82183848,5,0,0,64,8,40248,7,5,18.866
896,1446.776,3086456,RD_IN,0,26142233885548728,82183849,5,0,0,256,8,40456,7,5,18.964
952,1502.021,3204312,RD_IN,0,26142233885666584,82183850,5,0,0,264,8,40308,7,5,18.894
1008,1555.886,3319224,RD_IN,0,26142233885781496,82183851,5,0,0,272,8,40416,7,5,18.945
1064,1610.153,3434992,RD_IN,0,26142233885897264,82183852,5,0,0,280,8,40812,7,5,19.131
1120,1663.976,3549816,RD_IN,0,26142233886012088,82183853,5,0,0,288,8,40704,7,5,19.080
1176,1718.091,3665260,RD_IN,0,26142233886127532,82183854,5,0,0,296,8,40392,7,5,18.934
1232,1772.010,3780288,RD_IN,0,26142233886242560,82183855,5,0,0,304,8,40428,7,5,18.951
1288,1827.281,3898200,RD_IN,0,26142233886360472,82183856,5,0,0,312,8,40384,7,5,18.930
1344,1881.294,4013428,RD_IN,0,26142233886475700,82183857,5,0,0,320,8,40448,7,5,18.960
1400,1935.034,4128072,RD_IN,0,26142233886590344,82183858,5,0,0,328,8,40916,7,5,19.179
1456,1988.205,4241504,RD_IN,0,26142233886703776,82183859,5,0,0,336,8,40428,7,5,18.951
1512,2041.905,4356064,RD_IN,0,26142233886818336,82183860,5,0,0,344,8,40528,7,5,18.998
1568,2096.128,4471740,RD_IN,0,26142233886934012,82183861,5,0,0,352,8,40424,7,5,18.949
1624,2150.280,4587264,RD_IN,0,26142233887049536,82183862,5,0,0,360,8,40340,7,5,18.909
1680,2204.526,4702988,RD_IN,0,26142233887165260,82183863,5,0,0,368,8,40480,7,5,18.975
1736,2258.154,4817396,RD_IN,0,26142233887279668,82183864,5,0,0,376,8,40388,7,5,18.932
1792,2312.374,4933064,RD_IN,0,26142233887395336,82183865,5,0,0,384,8,40456,7,5,18.964
1848,2366.087,5047652,RD_IN,0,26142233887509924,82183866,5,0,0,392,8,40176,7,5,18.833
1904,2421.486,5165836,RD_IN,0,26142233887628108,82183867,5,0,0,400,8,40444,7,5,18.958
1960,2475.210,5280448,RD_IN,0,26142233887742720,82183868,5,0,0,408,8,40244,7,5,18.864
2016,2529.461,5396184,RD_IN,0,26142233887858456,82183869,5,0,0,416,8,40556,7,5,19.011
2072,2583.401,5511256,RD_IN,0,26142233887973528,82183870,5,0,0,424,8,40288,7,5,18.885
2128,2639.282,5630468,RD_IN,0,26142233888092740,82183871,5,0,0,432,8,40392,7,5,18.934
2184,2716.208,5794576,RD_IN,0,26142233888256848,82183872,5,0,0,440,8,40364,7,5,18.921
2240,2770.133,5909616,RD_IN,0,26142233888371888,82183873,5,0,0,448,8,40592,7,5,19.028
2296,2824.356,6025292,RD_IN,0,26142233888487564,82183874,5,0,0,456,8,40276,7,5,18.879
2352,2878.187,6140132,RD_IN,0,26142233888602404,82183875,5,0,0,464,8,40556,7,5,19.011
2408,2935.691,6262808,RD_IN,0,26142233888725080,82183876,5,0,0,472,8,40252,7,5,18.868
2464,2989.633,6377884,RD_IN,0,26142233888840156,82183877,5,0,0,480,8,40412,7,5,18.943
2520,3044.265,6494432,RD_IN,0,26142233888956704,82183878,5,0,0,488,8,40252,7,5,18.868
2576,3097.581,6608172,RD_IN,0,26142233889070444,82183879,5,0,0,496,8,40468,7,5,18.969
2632,3151.318,6722812,RD_IN,0,26142233889185084,82183880,5,0,0,504,8,40248,7,5,18.866
2688,3205.496,6838392,RD_IN,0,26142233889300664,82183881,5,0,0,768,8,40732,7,5,19.093
2744,3259.224,6953012,RD_IN,0,26142233889415284,82183882,5,0,0,776,8,40200,7,5,18.844
2800,3313.500,7068800,RD_IN,0,26142233889531072,82183883,5,0,0,784,8,40552,7,5,19.009
2856,3367.519,7184040,RD_IN,0,26142233889646312,82183884,5,0,0,792,8,40532,7,5,18.999
2912,3421.667,7299556,RD_IN,0,26142233889761828,82183885,5,0,0,800,8,40420,7,5,18.947
2968,3475.614,7414644,RD_IN,0,26142233889876916,82183886,5,0,0,808,8,40360,7,5,18.919
3024,3529.843,7530332,RD_IN,0,26142233889992604,82183887,5,0,0,816,8,40412,7,5,18.943
3080,3583.438,7644668,RD_IN,0,26142233890106940,82183888,5,0,0,824,8,40472,7,5,18.971
3136,3637.618,7760252,RD_IN,0,26142233890222524,82183889,5,0,0,832,8,40400,7,5,18.938
3192,3691.371,7874924,RD_IN,0,26142233890337196,82183890,5,0,0,840,8,40352,7,5,18.915
3248,3745.575,7990560,RD_IN,0,26142233890452832,82183891,5,0,0,848,8,40448,7,5,18.960
3304,3799.311,8105196,RD_IN,0,26142233890567468,82183892,5,0,0,856,8,40268,7,5,18.876
3360,3854.049,8221972,RD_IN,0,26142233890684244,82183893,5,0,0,864,8,40428,7,5,18.951
3416,3908.443,8338012,RD_IN,0,26142233890800284,82183894,5,0,0,872,8,40224,7,5,18.855
3472,3962.271,8452844,RD_IN,0,26142233890915116,82183895,5,0,0,880,8,40476,7,5,18.973
3528,4016.398,8568316,RD_IN,0,26142233891030588,82183896,5,0,0,888,8,40228,7,5,18.857
3584,4070.203,8683100,RD_IN,0,26142233891145372,82183897,5,0,0,896,8,40472,7,5,18.971
3640,4124.325,8798560,RD_IN,0,26142233891260832,82183898,5,0,0,904,8,40244,7,5,18.864
3696,4180.498,8918396,RD_IN,0,26142233891380668,82183899,5,0,0,912,8,40476,7,5,18.973
3752,4234.605,9033824,RD_IN,0,26142233891496096,82183900,5,0,0,920,8,40300,7,5,18.891
3808,4288.425,9148640,RD_IN,0,26142233891610912,82183901,5,0,0,928,8,40468,7,5,18.969
3864,4342.652,9264324,RD_IN,0,26142233891726596,82183902,5,0,0,936,8,40268,7,5,18.876
3920,4396.463,9379120,RD_IN,0,26142233891841392,82183903,5,0,0,944,8,40640,7,5,19.050
3976,4450.639,9494696,RD_IN,0,26142233891956968,82183904,5,0,0,952,8,40352,7,5,18.915
4032,4504.569,9609748,RD_IN,0,26142233892072020,82183905,5,0,0,960,8,40428,7,5,18.951
4088,4558.714,9725256,RD_IN,0,26142233892187528,82183906,5,0,0,968,8,40228,7,5,18.857
4144,4612.736,9840504,RD_IN,0,26142233892302776,82183907,5,0,0,976,8,40516,7,5,18.992
4200,4666.558,9955324,RD_IN,0,26142233892417596,82183908,5,0,0,984,8,40196,7,5,18.842
4256,4720.776,10070988,RD_IN,0,26142233892533260,82183909,5,0,0,992,8,40652,7,5,19.056
4312,4776.608,10190096,RD_IN,0,26142233892652368,82183910,5,0,0,1000,8,40240,7,5,18.863
4368,4830.943,10306012,RD_IN,0,26142233892768284,82183911,5,0,0,1008,8,40528,7,5,18.998
4424,4885.926,10423308,RD_IN,0,26142233892885580,82183912,5,0,0,1016,8,40304,7,5,18.893
4480,4945.463,10550320,RD_IN,0,26142233893012592,82183913,5,0,0,512,8,40468,7,5,18.969
4536,5001.429,10669716,RD_IN,0,26142233893131988,82183914,5,0,0,32,8,40096,7,5,18.795
4592,5063.278,10801660,RD_IN,0,26142233893263932,82183915,5,0,0,4096,8,40740,7,5,19.097
4648,7082.355,15109024,RD_IN,0,26142233897571296,82183917,5,0,0,0,8,43328,7,5,20.310
4704,103250.996,220268792,WR_IN,0,26142234102731064,82183919,5,1,0,0,8,5735976,7,5,2688.739
4760,106142.113,226436508,WR_IN,0,26142234108898780,82183922,5,1,0,8,8,149216,7,5,69.945
4816,106367.231,226916760,WR_IN,0,26142234109379032,82183923,5,1,0,16,8,112008,7,5,52.504
4872,106584.563,227380400,WR_IN,0,26142234109842672,82183924,5,1,0,24,8,133152,7,5,62.415
4928,106816.601,227875416,WR_IN,0,26142234110337688,82183925,5,1,0,32,8,110144,7,5,51.630
4984,107032.914,228336884,WR_IN,0,26142234110799156,82183926,5,1,0,40,8,131700,7,5,61.734
5040,107258.769,228818708,WR_IN,0,26142234111280980,82183927,5,1,0,48,8,109952,7,5,51.540
5096,107446.858,229219964,WR_IN,0,26142234111682236,82183928,5,1,0,56,8,131168,7,5,61.485
5152,107621.340,229592192,WR_IN,0,26142234112054464,82183929,5,1,0,64,8,110088,7,5,51.604
5208,107799.716,229972728,WR_IN,0,26142234112435000,82183930,5,1,0,72,8,131740,7,5,61.753
5264,107965.350,230326080,WR_IN,0,26142234112788352,82183931,5,1,0,80,8,110556,7,5,51.823
5320,108121.397,230658980,WR_IN,0,26142234113121252,82183932,5,1,0,88,8,130976,7,5,61.395
5376,108291.043,231020892,WR_IN,0,26142234113483164,82183933,5,1,0,96,8,109980,7,5,51.553
5432,108436.213,231330588,WR_IN,0,26142234113792860,82183934,5,1,0,104,8,132000,7,5,61.875
5488,108591.649,231662184,WR_IN,0,26142234114124456,82183935,5,1,0,112,8,110244,7,5,51.677
5544,108736.337,231970852,WR_IN,0,26142234114433124,82183936,5,1,0,120,8,131788,7,5,61.776
5600,108890.666,232300088,WR_IN,0,26142234114762360,82183937,5,1,0,128,8,110296,7,5,51.701
5656,109032.058,232601724,WR_IN,0,26142234115063996,82183938,5,1,0,136,8,131412,7,5,61.599
5712,109183.076,232923896,WR_IN,0,26142234115386168,82183939,5,1,0,144,8,110196,7,5,51.654
5768,109328.438,233234000,WR_IN,0,26142234115696272,82183940,5,1,0,152,8,131072,7,5,61.440
5824,109483.166,233564088,WR_IN,0,26142234116026360,82183941,5,1,0,160,8,110192,7,5,51.653
5880,109625.813,233868400,WR_IN,0,26142234116330672,82183942,5,1,0,168,8,130860,7,5,61.341
5936,109791.204,234221236,WR_IN,0,26142234116683508,82183943,5,1,0,176,8,110196,7,5,51.654
5992,109921.016,234498168,WR_IN,0,26142234116960440,82183944,5,1,0,184,8,131356,7,5,61.573
6048,110124.450,234932160,WR_IN,0,26142234117394432,82183945,5,1,0,192,8,110292,7,5,51.699
6104,110320.213,235349788,WR_IN,0,26142234117812060,82183946,5,1,0,200,8,131044,7,5,61.427
6160,110523.518,235783504,WR_IN,0,26142234118245776,82183947,5,1,0,208,8,110040,7,5,51.581
6216,110722.236,236207436,WR_IN,0,26142234118669708,82183948,5,1,0,216,8,131108,7,5,61.457
6272,110928.431,236647320,WR_IN,0,26142234119109592,82183949,5,1,0,224,8,110144,7,5,51.630
6328,111123.998,237064528,WR_IN,0,26142234119526800,82183950,5,1,0,232,8,131436,7,5,61.611
6384,111330.450,237504960,WR_IN,0,26142234119967232,82183951,5,1,0,240,8,109812,7,5,51.474
6440,111520.873,237911196,WR_IN,0,26142234120373468,82183952,5,1,0,248,8,131904,7,5,61.830
6496,111681.945,238254816,WR_IN,0,26142234120717088,82183953,5,1,0,256,8,109684,7,5,51.414
6552,111850.958,238615376,WR_IN,0,26142234121077648,82183954,5,1,0,264,8,131336,7,5,61.564
6608,112018.854,238973556,WR_IN,0,26142234121435828,82183955,5,1,0,272,8,110160,7,5,51.638
6664,112198.101,239355948,WR_IN,0,26142234121818220,82183956,5,1,0,280,8,130952,7,5,61.384
6720,112362.208,239706044,WR_IN,0,26142234122168316,82183957,5,1,0,288,8,110248,7,5,51.679
6776,112527.516,240058700,WR_IN,0,26142234122520972,82183958,5,1,0,296,8,131064,7,5,61.436
6832,112689.707,240404708,WR_IN,0,26142234122866980,82183959,5,1,0,304,8,109656,7,5,51.401
6888,112868.271,240785644,WR_IN,0,26142234123247916,82183960,5,1,0,312,8,131308,7,5,61.551
6944,113043.591,241159660,WR_IN,0,26142234123621932,82183961,5,1,0,320,8,109632,7,5,51.390
7000,113222.762,241541892,WR_IN,0,26142234124004164,82183962,5,1,0,328,8,131328,7,5,61.560
7056,113398.226,241916216,WR_IN,0,26142234124378488,82183963,5,1,0,336,8,109980,7,5,51.553
7112,113577.812,242299332,WR_IN,0,26142234124761604,82183964,5,1,0,344,8,132008,7,5,61.879
7168,113756.145,242679776,WR_IN,0,26142234125142048,82183965,5,1,0,352,8,110208,7,5,51.660
7224,113936.246,243063992,WR_IN,0,26142234125526264,82183966,5,1,0,360,8,131632,7,5,61.703
7280,114114.872,243445060,WR_IN,0,26142234125907332,82183967,5,1,0,368,8,110508,7,5,51.801
7336,114292.789,243824616,WR_IN,0,26142234126286888,82183968,5,1,0,376,8,131180,7,5,61.491
7392,114468.008,244198416,WR_IN,0,26142234126660688,82183969,5,1,0,384,8,110336,7,5,51.720
7448,114647.250,244580800,WR_IN,0,26142234127043072,82183970,5,1,0,392,8,130944,7,5,61.380
7504,114829.125,244968800,WR_IN,0,26142234127431072,82183971,5,1,0,400,8,109900,7,5,51.516
7560,115008.851,245352216,WR_IN,0,26142234127814488,82183972,5,1,0,408,8,130836,7,5,61.329
7616,115185.816,245729740,WR_IN,0,26142234128192012,82183973,5,1,0,416,8,110152,7,5,51.634
7672,115364.325,246110560,WR_IN,0,26142234128572832,82183974,5,1,0,424,8,131572,7,5,61.674
7728,115543.629,246493076,WR_IN,0,26142234128955348,82183975,5,1,0,432,8,110400,7,5,51.750
7784,115727.273,246884848,WR_IN,0,26142234129347120,82183976,5,1,0,440,8,131124,7,5,61.464
7840,115900.959,247255380,WR_IN,0,26142234129717652,82183977,5,1,0,448,8,110276,7,5,51.692
7896,116075.886,247628556,WR_IN,0,26142234130090828,82183978,5,1,0,456,8,131012,7,5,61.412
7952,116250.276,248000588,WR_IN,0,26142234130462860,82183979,5,1,0,464,8,109880,7,5,51.506
8008,116429.569,248383080,WR_IN,0,26142234130845352,82183980,5,1,0,472,8,130884,7,5,61.352
8064,116608.474,248764744,WR_IN,0,26142234131227016,82183981,5,1,0,480,8,110160,7,5,51.638
8120,116792.089,249156456,WR_IN,0,26142234131618728,82183982,5,1,0,488,8,131140,7,5,61.472
8176,116971.746,249539724,WR_IN,0,26142234132001996,82183983,5,1,0,496,8,110020,7,5,51.572
8232,117150.289,249920616,WR_IN,0,26142234132382888,82183984,5,1,0,504,8,131744,7,5,61.755
8288,117325.133,250293616,WR_IN,0,26142234132755888,82183985,5,1,0,512,8,110120,7,5,51.619
8344,117504.326,250675896,WR_IN,0,26142234133138168,82183986,5,1,0,520,8,132048,7,5,61.898
8400,117682.680,251056384,WR_IN,0,26142234133518656,82183987,5,1,0,528,8,110044,7,5,51.583
8456,117859.598,251433808,WR_IN,0,26142234133896080,82183988,5,1,0,536,8,131144,7,5,61.474
8512,118036.680,251811584,WR_IN,0,26142234134273856,82183989,5,1,0,544,8,109920,7,5,51.525
8568,118215.833,252193776,WR_IN,0,26142234134656048,82183990,5,1,0,552,8,131592,7,5,61.684
8624,118395.323,252576688,WR_IN,0,26142234135038960,82183991,5,1,0,560,8,109916,7,5,51.523
8680,118571.814,252953204,WR_IN,0,26142234135415476,82183992,5,1,0,568,8,131352,7,5,61.571
8736,118749.626,253332536,WR_IN,0,26142234135794808,82183993,5,1,0,576,8,110068,7,5,51.594
8792,118923.349,253703144,WR_IN,0,26142234136165416,82183994,5,1,0,584,8,131320,7,5,61.556
8848,119102.897,254086180,WR_IN,0,26142234136548452,82183995,5,1,0,592,8,110272,7,5,51.690
8904,119281.217,254466596,WR_IN,0,26142234136928868,82183996,5,1,0,600,8,131384,7,5,61.586
8960,119457.161,254841944,WR_IN,0,26142234137304216,82183997,5,1,0,608,8,109968,7,5,51.548
9016,119636.393,255224304,WR_IN,0,26142234137686576,82183998,5,1,0,616,8,131096,7,5,61.451
9072,119810.730,255596224,WR_IN,0,26142234138058496,82183999,5,1,0,624,8,110276,7,5,51.692
9128,119985.641,255969368,WR_IN,0,26142234138431640,82184000,5,1,0,632,8,131080,7,5,61.444
9184,120165.519,256353108,WR_IN,0,26142234138815380,82184001,5,1,0,640,8,109928,7,5,51.529
9240,120343.693,256733212,WR_IN,0,26142234139195484,82184002,5,1,0,648,8,131044,7,5,61.427
9296,120523.099,257115944,WR_IN,0,26142234139578216,82184003,5,1,0,656,8,109996,7,5,51.561
9352,120678.808,257448124,WR_IN,0,26142234139910396,82184004,5,1,0,664,8,131056,7,5,61.433
9408,120853.755,257821344,WR_IN,0,26142234140283616,82184005,5,1,0,672,8,109540,7,5,51.347
9464,121026.495,258189856,WR_IN,0,26142234140652128,82184006,5,1,0,680,8,131588,7,5,61.682
9520,121205.809,258572392,WR_IN,0,26142234141034664,82184007,5,1,0,688,8,110340,7,5,51.722
9576,121385.588,258955920,WR_IN,0,26142234141418192,82184008,5,1,0,696,8,131000,7,5,61.406
9632,121560.131,259328280,WR_IN,0,26142234141790552,82184009,5,1,0,704,8,110200,7,5,51.656
9688,121729.779,259690196,WR_IN,0,26142234142152468,82184010,5,1,0,712,8,131152,7,5,61.478
9744,121895.460,260043648,WR_IN,0,26142234142505920,82184011,5,1,0,720,8,109572,7,5,51.362
9800,122061.024,260396852,WR_IN,0,26142234142859124,82184012,5,1,0,728,8,130544,7,5,61.193
9856,122225.533,260747804,WR_IN,0,26142234143210076,82184013,5,1,0,736,8,109940,7,5,51.534
9912,122394.570,261108416,WR_IN,0,26142234143570688,82184014,5,1,0,744,8,131172,7,5,61.487
9968,122558.426,261457976,WR_IN,0,26142234143920248,82184015,5,1,0,752,8,111560,7,5,52.294
10024,122728.575,261820960,WR_IN,0,26142234144283232,82184016,5,1,0,760,8,131020,7,5,61.416
10080,122896.824,262179892,WR_IN,0,26142234144642164,82184017,5,1,0,768,8,110096,7,5,51.608
10136,123074.640,262559232,WR_IN,0,26142234145021504,82184018,5,1,0,776,8,131072,7,5,61.440
10192,123242.430,262917184,WR_IN,0,26142234145379456,82184019,5,1,0,784,8,109892,7,5,51.512
10248,123410.447,263275620,WR_IN,0,26142234145737892,82184020,5,1,0,792,8,130804,7,5,61.314
10304,123579.351,263635948,WR_IN,0,26142234146098220,82184021,5,1,0,800,8,109752,7,5,51.446
10360,123743.106,263985292,WR_IN,0,26142234146447564,82184022,5,1,0,808,8,130664,7,5,61.249
10416,123915.765,264353632,WR_IN,0,26142234146815904,82184023,5,1,0,816,8,109492,7,5,51.324
10472,124079.661,264703276,WR_IN,0,26142234147165548,82184024,5,1,0,824,8,131248,7,5,61.523
10528,124252.778,265072592,WR_IN,0,26142234147534864,82184025,5,1,0,832,8,110088,7,5,51.604
10584,124424.364,265438644,WR_IN,0,26142234147900916,82184026,5,1,0,840,8,130980,7,5,61.397
10640,124595.621,265803992,WR_IN,0,26142234148266264,82184027,5,1,0,848,8,109720,7,5,51.431
10696,124758.388,266151228,WR_IN,0,26142234148613500,82184028,5,1,0,856,8,131356,7,5,61.573
10752,124927.736,266512504,WR_IN,0,26142234148974776,82184029,5,1,0,864,8,110072,7,5,51.596
10808,125100.062,266880132,WR_IN,0,26142234149342404,82184030,5,1,0,872,8,131184,7,5,61.493
10864,125265.971,267234072,WR_IN,0,26142234149696344,82184031,5,1,0,880,8,110200,7,5,51.656
10920,125435.284,267595272,WR_IN,0,26142234150057544,82184032,5,1,0,888,8,130520,7,5,61.181
10976,125605.129,267957608,WR_IN,0,26142234150419880,82184033,5,1,0,896,8,109728,7,5,51.435
11032,125771.685,268312928,WR_IN,0,26142234150775200,82184034,5,1,0,904,8,130976,7,5,61.395
11088,125945.543,268683824,WR_IN,0,26142234151146096,82184035,5,1,0,912,8,109648,7,5,51.398
11144,126120.701,269057496,WR_IN,0,26142234151519768,82184036,5,1,0,920,8,131076,7,5,61.442
