#DUMP_OFFSET.I,ELAPSED_USECS.D,ELAPSED_TICKS.I,CMD.S,INFLIGHT_IOS.I,TS.I,SEQID.I,LUN_SSID.I,OP.I,PHASE.I,LBA.I,NBLKS.I,LATENCY_TICKS.I,HOST_ID.I,HOST_LUN.I,LATENCY_USECS.D
0,0.000,0,RD_IN,0,26148570258871588,82469261,5,0,0,1170210688,8,85836,7,5,40.236
56,164.333,350576,RD_IN,0,26148570259222164,82469262,5,0,0,1170210800,8,42424,7,5,19.886
112,275.713,588188,RD_IN,0,26148570259459776,82469263,5,0,0,0,8,42904,7,5,20.111
168,388.328,828432,RD_IN,0,26148570259700020,82469264,5,0,0,8,8,40880,7,5,19.163
224,461.736,985036,RD_IN,0,26148570259856624,82469265,5,0,0,1170210808,8,41344,7,5,19.380
280,515.619,1099988,RD_IN,0,26148570259971576,82469266,5,0,0,1170210552,8,41480,7,5,19.444
336,620.160,1323008,RD_IN,0,26148570260194596,82469267,5,0,0,1170210752,8,41276,7,5,19.348
392,676.539,1443284,RD_IN,0,26148570260314872,82469268,5,0,0,1170210560,8,41200,7,5,19.313
448,730.515,1558432,RD_IN,0,26148570260430020,82469269,5,0,0,1170210416,8,41520,7,5,19.463
504,797.451,1701228,RD_IN,0,26148570260572816,82469270,5,0,0,2048,8,41172,7,5,19.299
560,857.132,1828548,RD_IN,0,26148570260700136,82469271,5,0,0,24,8,41212,7,5,19.318
616,911.048,1943568,RD_IN,0,26148570260815156,82469272,5,0,0,56,8,40932,7,5,19.187
672,964.359,2057300,RD_IN,0,26148570260928888,82469273,5,0,0,120,8,40932,7,5,19.187
728,1022.578,2181500,RD_IN,0,26148570261053088,82469274,5,0,0,16,8,40612,7,5,19.037
784,1076.816,2297208,RD_IN,0,26148570261168796,82469275,5,0,0,128,8,40324,7,5,18.902
840,1130.679,2412116,RD_IN,0,26148570261283704,82469276,5,0,0,64,8,40420,7,5,18.947
896,1185.051,2528108,RD_IN,0,26148570261399696,82469277,5,0,0,256,8,40676,7,5,19.067
952,1237.909,2640872,RD_IN,0,26148570261512460,82469278,5,0,0,264,8,40448,7,5,18.960
1008,1291.738,2755708,RD_IN,0,26148570261627296,82469279,5,0,0,272,8,40424,7,5,18.949
1064,1345.404,2870196,RD_IN,0,26148570261741784,82469280,5,0,0,280,8,40724,7,5,19.089
1120,1398.068,2982544,RD_IN,0,26148570261854132,82469281,5,0,0,288,8,40528,7,5,18.998
1176,1451.280,3096064,RD_IN,0,26148570261967652,82469282,5,0,0,296,8,40276,7,5,18.879
1232,1504.346,3209272,RD_IN,0,26148570262080860,82469283,5,0,0,304,8,40532,7,5,18.999
1288,1557.484,3322632,RD_IN,0,26148570262194220,82469284,5,0,0,312,8,40436,7,5,18.954
1344,1610.439,3435604,RD_IN,0,26148570262307192,82469285,5,0,0,320,8,40604,7,5,19.033
1400,1663.689,3549204,RD_IN,0,26148570262420792,82469286,5,0,0,328,8,40260,7,5,18.872
1456,1715.588,3659920,RD_IN,0,26148570262531508,82469287,5,0,0,336,8,40536,7,5,19.001
1512,1768.851,3773548,RD_IN,0,26148570262645136,82469288,5,0,0,344,8,40268,7,5,18.876
1568,1821.694,3886280,RD_IN,0,26148570262757868,82469289,5,0,0,352,8,40500,7,5,18.984
1624,1874.936,3999864,RD_IN,0,26148570262871452,82469290,5,0,0,360,8,40468,7,5,18.969
1680,1927.819,4112680,RD_IN,0,26148570262984268,82469291,5,0,0,368,8,40552,7,5,19.009
1736,1980.951,4226028,RD_IN,0,26148570263097616,82469292,5,0,0,376,8,40684,7,5,19.071
1792,2033.809,4338792,RD_IN,0,26148570263210380,82469293,5,0,0,384,8,40584,7,5,19.024
1848,2088.146,4454712,RD_IN,0,26148570263326300,82469294,5,0,0,392,8,40432,7,5,18.953
1904,2142.150,4569920,RD_IN,0,26148570263441508,82469295,5,0,0,400,8,40484,7,5,18.977
1960,2195.507,4683748,RD_IN,0,26148570263555336,82469296,5,0,0,408,8,40404,7,5,18.939
2016,2248.476,4796748,RD_IN,0,26148570263668336,82469297,5,0,0,416,8,40452,7,5,18.962
2072,2301.621,4910124,RD_IN,0,26148570263781712,82469298,5,0,0,424,8,40664,7,5,19.061
2128,2354.723,5023408,RD_IN,0,26148570263894996,82469299,5,0,0,432,8,40472,7,5,18.971
2184,2407.564,5136136,RD_IN,0,26148570264007724,82469300,5,0,0,440,8,40472,7,5,18.971
2240,2460.911,5249944,RD_IN,0,26148570264121532,82469301,5,0,0,448,8,40640,7,5,19.050
2296,2513.666,5362488,RD_IN,0,26148570264234076,82469302,5,0,0,456,8,40220,7,5,18.853
2352,2567.003,5476272,RD_IN,0,26148570264347860,82469303,5,0,0,464,8,40664,7,5,19.061
2408,2619.973,5589276,RD_IN,0,26148570264460864,82469304,5,0,0,472,8,40316,7,5,18.898
2464,2676.418,5709692,RD_IN,0,26148570264581280,82469305,5,0,0,480,8,40512,7,5,18.990
2520,2730.557,5825188,RD_IN,0,26148570264696776,82469306,5,0,0,488,8,40244,7,5,18.864
2576,2784.758,5940816,RD_IN,0,26148570264812404,82469307,5,0,0,496,8,40472,7,5,18.971
2632,2837.636,6053624,RD_IN,0,26148570264925212,82469308,5,0,0,504,8,40260,7,5,18.872
2688,2890.845,6167136,RD_IN,0,26148570265038724,82469309,5,0,0,768,8,40784,7,5,19.118
2744,2943.728,6279952,RD_IN,0,26148570265151540,82469310,5,0,0,776,8,40164,7,5,18.827
2800,3002.829,6406036,RD_IN,0,26148570265277624,82469311,5,0,0,784,8,40400,7,5,18.938
2856,3056.753,6521072,RD_IN,0,26148570265392660,82469312,5,0,0,792,8,40692,7,5,19.074
2912,3110.046,6634764,RD_IN,0,26148570265506352,82469313,5,0,0,800,8,40444,7,5,18.958
2968,3163.022,6747780,RD_IN,0,26148570265619368,82469314,5,0,0,808,8,40284,7,5,18.883
3024,3216.908,6862736,RD_IN,0,26148570265734324,82469315,5,0,0,816,8,40400,7,5,18.938
3080,3270.090,6976192,RD_IN,0,26148570265847780,82469316,5,0,0,824,8,40276,7,5,18.879
3136,3323.994,7091188,RD_IN,0,26148570265962776,82469317,5,0,0,832,8,40876,7,5,19.161
3192,3377.364,7205044,RD_IN,0,26148570266076632,82469318,5,0,0,840,8,40192,7,5,18.840
3248,3430.311,7317996,RD_IN,0,26148570266189584,82469319,5,0,0,848,8,40532,7,5,18.999
3304,3483.469,7431400,RD_IN,0,26148570266302988,82469320,5,0,0,856,8,40256,7,5,18.870
3360,3537.699,7547092,RD_IN,0,26148570266418680,82469321,5,0,0,864,8,40408,7,5,18.941
3416,3590.841,7660460,RD_IN,0,26148570266532048,82469322,5,0,0,872,8,40208,7,5,18.848
3472,3643.779,7773396,RD_IN,0,26148570266644984,82469323,5,0,0,880,8,40408,7,5,18.941
3528,3697.061,7887064,RD_IN,0,26148570266758652,82469324,5,0,0,888,8,40428,7,5,18.951
3584,3749.970,7999936,RD_IN,0,26148570266871524,82469325,5,0,0,896,8,40688,7,5,19.073
3640,3803.108,8113296,RD_IN,0,26148570266984884,82469326,5,0,0,904,8,40240,7,5,18.863
3696,3855.926,8225976,RD_IN,0,26148570267097564,82469327,5,0,0,912,8,40452,7,5,18.962
3752,3909.191,8339608,RD_IN,0,26148570267211196,82469328,5,0,0,920,8,40400,7,5,18.938
3808,3962.149,8452584,RD_IN,0,26148570267324172,82469329,5,0,0,928,8,40448,7,5,18.960
3864,4015.307,8565988,RD_IN,0,26148570267437576,82469330,5,0,0,936,8,40228,7,5,18.857
3920,4068.223,8678876,RD_IN,0,26148570267550464,82469331,5,0,0,944,8,40508,7,5,18.988
3976,4121.370,8792256,RD_IN,0,26148570267663844,82469332,5,0,0,952,8,40296,7,5,18.889
4032,4174.440,8905472,RD_IN,0,26148570267777060,82469333,5,0,0,960,8,40428,7,5,18.951
4088,4229.443,9022812,RD_IN,0,26148570267894400,82469334,5,0,0,968,8,40312,7,5,18.896
4144,4283.747,9138660,RD_IN,0,26148570268010248,82469335,5,0,0,976,8,40476,7,5,18.973
4200,4339.821,9258284,RD_IN,0,26148570268129872,82469336,5,0,0,984,8,40316,7,5,18.898
4256,4393.142,9372036,RD_IN,0,26148570268243624,82469337,5,0,0,992,8,40436,7,5,18.954
4312,4448.254,9489608,RD_IN,0,26148570268361196,82469338,5,0,0,1000,8,40236,7,5,18.861
4368,4502.537,9605412,RD_IN,0,26148570268477000,82469339,5,0,0,1008,8,40444,7,5,18.958
4424,4555.393,9718172,RD_IN,0,26148570268589760,82469340,5,0,0,1016,8,40388,7,5,18.932
4480,4614.105,9843424,RD_IN,0,26148570268715012,82469341,5,0,0,512,8,40496,7,5,18.983
4536,4670.027,9962724,RD_IN,0,26148570268834312,82469342,5,0,0,32,8,40280,7,5,18.881
4592,4729.718,10090064,RD_IN,0,26148570268961652,82469343,5,0,0,4096,8,41040,7,5,19.238
4648,6713.413,14321948,RD_IN,0,26148570273193536,82469345,5,0,0,0,8,42752,7,5,20.040
4704,103451.588,220696720,WR_IN,0,26148570479568308,82469349,5,1,0,0,8,10933136,7,5,5124.908
4732,103468.920,220733696,WR_IN,1,26148570479605284,82469350,5,1,0,8,8,10929504,7,5,5123.205
4760,103469.593,220735132,WR_IN,2,26148570479606720,82469351,5,1,0,16,8,10684288,7,5,5008.260
4788,103470.452,220736964,WR_IN,3,26148570479608552,82469352,5,1,0,24,8,10763260,7,5,5045.278
4816,103481.893,220761372,WR_IN,4,26148570479632960,82469353,5,1,0,32,8,10713604,7,5,5022.002
4984,108652.397,231791780,WR_IN,0,26148570490663368,82469356,5,1,0,40,8,182300,7,5,85.453
5012,108668.310,231825728,WR_IN,1,26148570490697316,82469357,5,1,0,48,8,149340,7,5,70.003
5040,108686.507,231864548,WR_IN,2,26148570490736136,82469358,5,1,0,56,8,179684,7,5,84.227
5068,108701.479,231896488,WR_IN,3,26148570490768076,82469359,5,1,0,64,8,148520,7,5,69.619
5096,108719.822,231935620,WR_IN,4,26148570490807208,82469360,5,1,0,72,8,155660,7,5,72.966
5264,108886.078,232290300,WR_IN,0,26148570491161888,82469361,5,1,0,80,8,128440,7,5,60.206
5292,108917.068,232356412,WR_IN,1,26148570491228000,82469362,5,1,0,88,8,150620,7,5,70.603
5320,108917.586,232357516,WR_IN,2,26148570491229104,82469363,5,1,0,96,8,150304,7,5,70.455
5348,108930.857,232385828,WR_IN,3,26148570491257416,82469364,5,1,0,104,8,177400,7,5,83.156
5376,108934.864,232394376,WR_IN,4,26148570491265964,82469365,5,1,0,112,8,169612,7,5,79.506
5544,109099.622,232745860,WR_IN,0,26148570491617448,82469366,5,1,0,120,8,160028,7,5,75.013
5572,109130.754,232812276,WR_IN,1,26148570491683864,82469367,5,1,0,128,8,123052,7,5,57.681
5600,109143.941,232840408,WR_IN,2,26148570491711996,82469368,5,1,0,136,8,154968,7,5,72.641
5628,109144.508,232841616,WR_IN,3,26148570491713204,82469369,5,1,0,144,8,154796,7,5,72.561
5656,109155.786,232865676,WR_IN,4,26148570491737264,82469370,5,1,0,152,8,174464,7,5,81.780
5824,109320.968,233218064,WR_IN,0,26148570492089652,82469371,5,1,0,160,8,133168,7,5,62.423
5852,109351.944,233284148,WR_IN,1,26148570492155736,82469372,5,1,0,168,8,177432,7,5,83.171
5880,109363.163,233308080,WR_IN,2,26148570492179668,82469373,5,1,0,176,8,154320,7,5,72.338
5908,109366.954,233316168,WR_IN,3,26148570492187756,82469374,5,1,0,184,8,190860,7,5,89.466
5936,109377.009,233337620,WR_IN,4,26148570492209208,82469375,5,1,0,192,8,125564,7,5,58.858
6104,109542.360,233690368,WR_IN,0,26148570492561956,82469376,5,1,0,200,8,160044,7,5,75.021
6132,109573.354,233756488,WR_IN,1,26148570492628076,82469377,5,1,0,208,8,123096,7,5,57.701
6160,109586.567,233784676,WR_IN,2,26148570492656264,82469378,5,1,0,216,8,150080,7,5,70.350
6188,109587.268,233786172,WR_IN,3,26148570492657760,82469379,5,1,0,224,8,153484,7,5,71.946
6216,109598.520,233810176,WR_IN,4,26148570492681764,82469380,5,1,0,232,8,173220,7,5,81.197
6384,109762.221,234159404,WR_IN,0,26148570493030992,82469381,5,1,0,240,8,140908,7,5,66.051
6412,109793.306,234225720,WR_IN,1,26148570493097308,82469382,5,1,0,248,8,134748,7,5,63.163
6440,109804.643,234249904,WR_IN,2,26148570493121492,82469383,5,1,0,256,8,148352,7,5,69.540
6468,109808.475,234258080,WR_IN,3,26148570493129668,82469384,5,1,0,264,8,193636,7,5,90.767
6496,109809.345,234259936,WR_IN,4,26148570493131524,82469385,5,1,0,272,8,170676,7,5,80.004
6664,109984.118,234632784,WR_IN,0,26148570493504372,82469386,5,1,0,280,8,159012,7,5,74.537
6692,110015.064,234698804,WR_IN,1,26148570493570392,82469387,5,1,0,288,8,114328,7,5,53.591
6720,110015.563,234699868,WR_IN,2,26148570493571456,82469388,5,1,0,296,8,159212,7,5,74.631
6748,110030.458,234731644,WR_IN,3,26148570493603232,82469389,5,1,0,304,8,153816,7,5,72.101
6776,110031.041,234732888,WR_IN,4,26148570493604476,82469390,5,1,0,312,8,198660,7,5,93.122
6944,110150.904,234988596,WR_IN,0,26148570493860184,82469391,5,1,0,320,8,125936,7,5,59.033
6972,110181.810,235054528,WR_IN,1,26148570493926116,82469392,5,1,0,328,8,177276,7,5,83.098
7000,110196.964,235086856,WR_IN,2,26148570493958444,82469393,5,1,0,336,8,145844,7,5,68.364
7028,110197.676,235088376,WR_IN,3,26148570493959964,82469394,5,1,0,344,8,188732,7,5,88.468
7084,110211.064,235116936,WR_IN,3,26148570493988524,82469395,5,1,0,352,8,116560,7,5,54.638
7224,110330.889,235372564,WR_IN,0,26148570494244152,82469396,5,1,0,360,8,152888,7,5,71.666
7252,110349.735,235412768,WR_IN,1,26148570494284356,82469397,5,1,0,368,8,138748,7,5,65.038
7280,110372.001,235460268,WR_IN,2,26148570494331856,82469398,5,1,0,376,8,142880,7,5,66.975
7308,110385.264,235488564,WR_IN,3,26148570494360152,82469399,5,1,0,384,8,140204,7,5,65.721
7336,110386.039,235490216,WR_IN,4,26148570494361804,82469400,5,1,0,392,8,184284,7,5,86.383
7504,110525.447,235787620,WR_IN,0,26148570494659208,82469401,5,1,0,400,8,124420,7,5,58.322
7532,110542.438,235823868,WR_IN,1,26148570494695456,82469402,5,1,0,408,8,146488,7,5,68.666
7560,110561.987,235865572,WR_IN,2,26148570494737160,82469403,5,1,0,416,8,141168,7,5,66.173
7588,110573.981,235891160,WR_IN,3,26148570494762748,82469404,5,1,0,424,8,169416,7,5,79.414
7644,110586.503,235917872,WR_IN,3,26148570494789460,82469405,5,1,0,432,8,121548,7,5,56.976
7784,110697.934,236155592,WR_IN,0,26148570495027180,82469406,5,1,0,440,8,162568,7,5,76.204
7812,110728.742,236221316,WR_IN,1,26148570495092904,82469407,5,1,0,448,8,149928,7,5,70.279
7840,110742.036,236249676,WR_IN,2,26148570495121264,82469408,5,1,0,456,8,150336,7,5,70.470
7868,110742.812,236251332,WR_IN,3,26148570495122920,82469409,5,1,0,464,8,147756,7,5,69.261
7896,110764.028,236296592,WR_IN,4,26148570495168180,82469410,5,1,0,472,8,147144,7,5,68.974
8064,110885.186,236555064,WR_IN,0,26148570495426652,82469411,5,1,0,480,8,120616,7,5,56.539
8092,110916.141,236621100,WR_IN,1,26148570495492688,82469412,5,1,0,488,8,168652,7,5,79.056
8120,110927.644,236645640,WR_IN,2,26148570495517228,82469413,5,1,0,496,8,144932,7,5,67.937
8176,110947.755,236688544,WR_IN,2,26148570495560132,82469414,5,1,0,504,8,157532,7,5,73.843
8204,110948.196,236689484,WR_IN,3,26148570495561072,82469415,5,1,0,512,8,157356,7,5,73.761
8344,111068.079,236945236,WR_IN,0,26148570495816824,82469416,5,1,0,520,8,162272,7,5,76.065
8372,111098.858,237010896,WR_IN,1,26148570495882484,82469417,5,1,0,528,8,140636,7,5,65.923
8400,111112.061,237039064,WR_IN,2,26148570495910652,82469418,5,1,0,536,8,183432,7,5,85.984
8428,111112.851,237040748,WR_IN,3,26148570495912336,82469419,5,1,0,544,8,149156,7,5,69.917
8456,111133.929,237085716,WR_IN,4,26148570495957304,82469420,5,1,0,552,8,157908,7,5,74.019
8624,111263.983,237363164,WR_IN,0,26148570496234752,82469421,5,1,0,560,8,127296,7,5,59.670
8652,111294.713,237428720,WR_IN,1,26148570496300308,82469422,5,1,0,568,8,159084,7,5,74.571
8680,111309.709,237460712,WR_IN,2,26148570496332300,82469423,5,1,0,576,8,128340,7,5,60.159
8736,111324.782,237492868,WR_IN,2,26148570496364456,82469424,5,1,0,584,8,154108,7,5,72.238
8764,111338.751,237522668,WR_IN,3,26148570496394256,82469425,5,1,0,592,8,125092,7,5,58.637
8904,111460.168,237781692,WR_IN,0,26148570496653280,82469426,5,1,0,600,8,147580,7,5,69.178
8932,111478.952,237821764,WR_IN,1,26148570496693352,82469427,5,1,0,608,8,136732,7,5,64.093
8960,111501.126,237869068,WR_IN,2,26148570496740656,82469428,5,1,0,616,8,161416,7,5,75.664
8988,111511.076,237890296,WR_IN,3,26148570496761884,82469429,5,1,0,624,8,141012,7,5,66.099
9016,111528.744,237927988,WR_IN,4,26148570496799576,82469430,5,1,0,632,8,149168,7,5,69.923
9184,111655.736,238198904,WR_IN,0,26148570497070492,82469431,5,1,0,640,8,129612,7,5,60.756
9212,111674.664,238239284,WR_IN,1,26148570497110872,82469432,5,1,0,648,8,146480,7,5,68.663
9240,111694.761,238282156,WR_IN,2,26148570497153744,82469433,5,1,0,656,8,125388,7,5,58.776
9268,111706.719,238307668,WR_IN,3,26148570497179256,82469434,5,1,0,664,8,155136,7,5,72.720
9324,111719.198,238334288,WR_IN,3,26148570497205876,82469435,5,1,0,672,8,129312,7,5,60.615
9464,111816.503,238541872,WR_IN,0,26148570497413460,82469436,5,1,0,680,8,153376,7,5,71.895
9492,111835.309,238581992,WR_IN,1,26148570497453580,82469437,5,1,0,688,8,142244,7,5,66.677
9520,111847.528,238608060,WR_IN,2,26148570497479648,82469438,5,1,0,696,8,187996,7,5,88.123
9548,111869.404,238654728,WR_IN,3,26148570497526316,82469439,5,1,0,704,8,142120,7,5,66.619
9576,111887.893,238694172,WR_IN,4,26148570497565760,82469440,5,1,0,712,8,148604,7,5,69.658
9744,112007.693,238949744,WR_IN,0,26148570497821332,82469441,5,1,0,720,8,122304,7,5,57.330
9772,112038.572,239015620,WR_IN,1,26148570497887208,82469442,5,1,0,728,8,156164,7,5,73.202
9800,112050.124,239040264,WR_IN,2,26148570497911852,82469443,5,1,0,736,8,132348,7,5,62.038
9828,112053.992,239048516,WR_IN,3,26148570497920104,82469444,5,1,0,744,8,179396,7,5,84.092
9884,112070.569,239083880,WR_IN,3,26148570497955468,82469445,5,1,0,752,8,144840,7,5,67.894
10024,112201.074,239362292,WR_IN,0,26148570498233880,82469446,5,1,0,760,8,162584,7,5,76.211
10052,112219.939,239402536,WR_IN,1,26148570498274124,82469447,5,1,0,768,8,123208,7,5,57.754
10080,112232.209,239428712,WR_IN,2,26148570498300300,82469448,5,1,0,776,8,194632,7,5,91.234
10108,112253.766,239474700,WR_IN,3,26148570498346288,82469449,5,1,0,784,8,149408,7,5,70.035
10136,112276.746,239523724,WR_IN,4,26148570498395312,82469450,5,1,0,792,8,146824,7,5,68.824
10304,112395.945,239778016,WR_IN,0,26148570498649604,82469451,5,1,0,800,8,124816,7,5,58.508
10332,112426.926,239844108,WR_IN,1,26148570498715696,82469452,5,1,0,808,8,174628,7,5,81.857
10360,112438.264,239868296,WR_IN,2,26148570498739884,82469453,5,1,0,816,8,151280,7,5,70.913
10388,112442.239,239876776,WR_IN,3,26148570498748364,82469454,5,1,0,824,8,187292,7,5,87.793
10444,112455.593,239905264,WR_IN,3,26148570498776852,82469455,5,1,0,832,8,115068,7,5,53.938
10584,112592.923,240198236,WR_IN,0,26148570499069824,82469456,5,1,0,840,8,148736,7,5,69.720
10612,112611.819,240238548,WR_IN,1,26148570499110136,82469457,5,1,0,848,8,137348,7,5,64.382
10640,112633.875,240285600,WR_IN,2,26148570499157188,82469458,5,1,0,856,8,162848,7,5,76.335
10668,112647.069,240313748,WR_IN,3,26148570499185336,82469459,5,1,0,864,8,135448,7,5,63.491
10696,112662.178,240345980,WR_IN,4,26148570499217568,82469460,5,1,0,872,8,149744,7,5,70.193
10864,112795.613,240630640,WR_IN,0,26148570499502228,82469461,5,1,0,880,8,131464,7,5,61.624
10892,112814.498,240670928,WR_IN,1,26148570499542516,82469462,5,1,0,888,8,162872,7,5,76.346
10920,112826.831,240697240,WR_IN,2,26148570499568828,82469463,5,1,0,896,8,137392,7,5,64.403
10948,112842.371,240730392,WR_IN,3,26148570499601980,82469464,5,1,0,904,8,162376,7,5,76.114
11004,112858.273,240764316,WR_IN,3,26148570499635904,82469465,5,1,0,912,8,129180,7,5,60.553
11144,112988.490,241042112,WR_IN,0,26148570499913700,82469466,5,1,0,920,8,163532,7,5,76.656
