#DUMP_OFFSET.I,ELAPSED_USECS.D,ELAPSED_TICKS.I,CMD.S,INFLIGHT_IOS.I,TS.I,SEQID.I,LUN_SSID.I,OP.I,PHASE.I,LBA.I,NBLKS.I,LATENCY_TICKS.I,HOST_ID.I,HOST_LUN.I,LATENCY_USECS.D
0,0.000,0,RD_IN,0,26142233882462272,82183833,5,0,0,1170210688,8,85256,7,5,39.964
56,145.714,310856,RD_IN,0,26142233882773128,82183834,5,0,0,1170210800,8,42444,7,5,19.896
112,254.831,543640,RD_IN,0,26142233883005912,82183835,5,0,0,0,8,42928,7,5,20.123
168,364.283,777136,RD_IN,0,26142233883239408,82183836,5,0,0,8,8,41080,7,5,19.256
224,473.597,1010340,RD_IN,0,26142233883472612,82183837,5,0,0,1170210808,8,41412,7,5,19.412
280,565.346,1206072,RD_IN,0,26142233883668344,82183838,5,0,0,1170210552,8,41204,7,5,19.314
336,728.031,1553132,RD_IN,0,26142233884015404,82183839,5,0,0,1170210752,8,41232,7,5,19.328
392,809.689,1727336,RD_IN,0,26142233884189608,82183840,5,0,0,1170210560,8,41284,7,5,19.352
448,887.597,1893540,RD_IN,0,26142233884355812,82183841,5,0,0,1170210416,8,41484,7,5,19.446
504,979.309,2089192,RD_IN,0,26142233884551464,82183842,5,0,0,2048,8,41052,7,5,19.243
560,1061.818,2265212,RD_IN,0,26142233884727484,82183843,5,0,0,24,8,40908,7,5,19.176
616,1144.050,2440640,RD_IN,0,26142233884902912,82183844,5,0,0,56,8,41068,7,5,19.251
672,1224.060,2611328,RD_IN,0,26142233885073600,82183845,5,0,0,120,8,40688,7,5,19.073
728,1281.473,2733808,RD_IN,0,26142233885196080,82183846,5,0,0,16,8,40512,7,5,18.990
784,1336.399,2850984,RD_IN,0,26142233885313256,82183847,5,0,0,128,8,40488,7,5,18.979
840,1391.616,2968780,RD_IN,0,26142233885431052,82183848,5,0,0,64,8,40248,7,5,18.866
896,1446.776,3086456,RD_IN,0,26142233885548728,82183849,5,0,0,256,8,40456,7,5,18.964
952,1502.021,3204312,RD_IN,0,26142233885666584,82183850,5,0,0,264,8,40308,7,5,18.894
1008,1555.886,3319224,RD_IN,0,26142233885781496,82183851,5,0,0,272,8,40416,7,5,18.945
1064,1610.153,3434992,RD_IN,0,26142233885897264,82183852,5,0,0,280,8,40812,7,5,19.131
1120,1663.976,3549816,RD_IN,0,26142233886012088,82183853,5,0,0,288,8,40704,7,5,19.080
1176,1718.091,3665260,RD_IN,0,26142233886127532,82183854,5,0,0,296,8,40392,7,5,18.934
1232,1772.010,3780288,RD_IN,0,26142233886242560,82183855,5,0,0,304,8,40428,7,5,18.951
1288,1827.281,3898200,RD_IN,0,26142233886360472,82183856,5,0,0,312,8,40384,7,5,18.930
1344,1881.294,4013428,RD_IN,0,26142233886475700,82183857,5,0,0,320,8,40448,7,5,18.960
1400,1935.034,4128072,RD_IN,0,26142233886590344,82183858,5,0,0,328,8,40916,7,5,19.179
1456,1988.205,4241504,RD_IN,0,26142233886703776,82183859,5,0,0,336,8,40428,7,5,18.951
1512,2041.905,4356064,RD_IN,0,26142233886818336,82183860,5,0,0,344,8,40528,7,5,18.998
1568,2096.128,4471740,RD_IN,0,26142233886934012,82183861,5,0,0,352,8,40424,7,5,18.949
1624,2150.280,4587264,RD_IN,0,26142233887049536,82183862,5,0,0,360,8,40340,7,5,18.909
1680,2204.526,4702988,RD_IN,0,26142233887165260,82183863,5,0,0,368,8,40480,7,5,18.975
1736,2258.154,4817396,RD_IN,0,26142233887279668,82183864,5,0,0,376,8,40388,7,5,18.932
1792,2312.374,4933064,RD_IN,0,26142233887395336,82183865,5,0,0,384,8,40456,7,5,18.964
1848,2366.087,5047652,RD_IN,0,26142233887509924,82183866,5,0,0,392,8,40176,7,5,18.833
1904,2421.486,5165836,RD_IN,0,26142233887628108,82183867,5,0,0,400,8,40444,7,5,18.958
1960,2475.210,5280448,RD_IN,0,26142233887742720,82183868,5,0,0,408,8,40244,7,5,18.864
2016,2529.461,5396184,RD_IN,0,26142233887858456,82183869,5,0,0,416,8,40556,7,5,19.011
2072,2583.401,5511256,RD_IN,0,26142233887973528,82183870,5,0,0,424,8,40288,7,5,18.885
2128,2639.282,5630468,RD_IN,0,26142233888092740,82183871,5,0,0,432,8,40392,7,5,18.934
2184,2716.208,5794576,RD_IN,0,26142233888256848,82183872,5,0,0,440,8,40364,7,5,18.921
2240,2770.133,5909616,RD_IN,0,26142233888371888,82183873,5,0,0,448,8,40592,7,5,19.028
2296,2824.356,6025292,RD_IN,0,26142233888487564,82183874,5,0,0,456,8,40276,7,5,18.879
2352,2878.187,6140132,RD_IN,0,26142233888602404,82183875,5,0,0,464,8,40556,7,5,19.011
2408,2935.691,6262808,RD_IN,0,26142233888725080,82183876,5,0,0,472,8,40252,7,5,18.868
2464,2989.633,6377884,RD_IN,0,26142233888840156,82183877,5,0,0,480,8,40412,7,5,18.943
2520,3044.265,6494432,RD_IN,0,26142233888956704,82183878,5,0,0,488,8,40252,7,5,18.868
2576,3097.581,6608172,RD_IN,0,26142233889070444,82183879,5,0,0,496,8,40468,7,5,18.969
2632,3151.318,6722812,RD_IN,0,26142233889185084,82183880,5,0,0,504,8,40248,7,5,18.866
2688,3205.496,6838392,RD_IN,0,26142233889300664,82183881,5,0,0,768,8,40732,7,5,19.093
2744,3259.224,6953012,RD_IN,0,26142233889415284,82183882,5,0,0,776,8,40200,7,5,18.844
2800,3313.500,7068800,RD_IN,0,26142233889531072,82183883,5,0,0,784,8,40552,7,5,19.009
2856,3367.519,7184040,RD_IN,0,26142233889646312,82183884,5,0,0,792,8,40532,7,5,18.999
2912,3421.667,7299556,RD_IN,0,26142233889761828,82183885,5,0,0,800,8,40420,7,5,18.947
2968,3475.614,7414644,RD_IN,0,26142233889876916,82183886,5,0,0,808,8,40360,7,5,18.919
3024,3529.843,7530332,RD_IN,0,26142233889992604,82183887,5,0,0,816,8,40412,7,5,18.943
3080,3583.438,7644668,RD_IN,0,26142233890106940,82183888,5,0,0,824,8,40472,7,5,18.971
3136,3637.618,7760252,RD_IN,0,26142233890222524,82183889,5,0,0,832,8,40400,7,5,18.938
3192,3691.371,7874924,RD_IN,0,26142233890337196,82183890,5,0,0,840,8,40352,7,5,18.915
3248,3745.575,7990560,RD_IN,0,26142233890452832,82183891,5,0,0,848,8,40448,7,5,18.960
3304,3799.311,8105196,RD_IN,0,26142233890567468,82183892,5,0,0,856,8,40268,7,5,18.876
3360,3854.049,8221972,RD_IN,0,26142233890684244,82183893,5,0,0,864,8,40428,7,5,18.951
3416,3908.443,8338012,RD_IN,0,26142233890800284,82183894,5,0,0,872,8,40224,7,5,18.855
3472,3962.271,8452844,RD_IN,0,26142233890915116,82183895,5,0,0,880,8,40476,7,5,18.973
3528,4016.398,8568316,RD_IN,0,26142233891030588,82183896,5,0,0,888,8,40228,7,5,18.857
3584,4070.203,8683100,RD_IN,0,26142233891145372,82183897,5,0,0,896,8,40472,7,5,18.971
3640,4124.325,8798560,RD_IN,0,26142233891260832,82183898,5,0,0,904,8,40244,7,5,18.864
3696,4180.498,8918396,RD_IN,0,26142233891380668,82183899,5,0,0,912,8,40476,7,5,18.973
3752,4234.605,9033824,RD_IN,0,26142233891496096,82183900,5,0,0,920,8,40300,7,5,18.891
3808,4288.425,9148640,RD_IN,0,26142233891610912,82183901,5,0,0,928,8,40468,7,5,18.969
3864,4342.652,9264324,RD_IN,0,26142233891726596,82183902,5,0,0,936,8,40268,7,5,18.876
3920,4396.463,9379120,RD_IN,0,26142233891841392,82183903,5,0,0,944,8,40640,7,5,19.050
3976,4450.639,9494696,RD_IN,0,26142233891956968,82183904,5,0,0,952,8,40352,7,5,18.915
4032,4504.569,9609748,RD_IN,0,26142233892072020,82183905,5,0,0,960,8,40428,7,5,18.951
4088,4558.714,9725256,RD_IN,0,26142233892187528,82183906,5,0,0,968,8,40228,7,5,18.857
4144,4612.736,9840504,RD_IN,0,26142233892302776,82183907,5,0,0,976,8,40516,7,5,18.992
4200,4666.558,9955324,RD_IN,0,26142233892417596,82183908,5,0,0,984,8,40196,7,5,18.842
4256,4720.776,10070988,RD_IN,0,26142233892533260,82183909,5,0,0,992,8,40652,7,5,19.056
4312,4776.608,10190096,RD_IN,0,26142233892652368,82183910,5,0,0,1000,8,40240,7,5,18.863
4368,4830.943,10306012,RD_IN,0,26142233892768284,82183911,5,0,0,1008,8,40528,7,5,18.998
4424,4885.926,10423308,RD_IN,0,26142233892885580,82183912,5,0,0,1016,8,40304,7,5,18.893
4480,4945.463,10550320,RD_IN,0,26142233893012592,82183913,5,0,0,512,8,40468,7,5,18.969
4536,5001.429,10669716,RD_IN,0,26142233893131988,82183914,5,0,0,32,8,40096,7,5,18.795
4592,5063.278,10801660,RD_IN,0,26142233893263932,82183915,5,0,0,4096,8,40740,7,5,19.097
4648,7082.355,15109024,RD_IN,0,26142233897571296,82183917,5,0,0,0,8,43328,7,5,20.310
4704,103250.996,220268792,WR_IN,0,26142234102731064,82183919,5,1,0,0,8,5735976,7,5,2688.739
4760,106142.113,226436508,WR_IN,0,26142234108898780,82183922,5,1,0,8,8,149216,7,5,69.945
4816,106367.231,226916760,WR_IN,0,26142234109379032,82183923,5,1,0,16,8,112008,7,5,52.504
4872,106584.563,227380400,WR_IN,0,26142234109842672,82183924,5,1,0,24,8,133152,7,5,62.415
4928,106816.601,227875416,WR_IN,0,26142234110337688,82183925,5,1,0,32,8,110144,7,5,51.630
4984,107032.914,228336884,WR_IN,0,26142234110799156,82183926,5,1,0,40,8,131700,7,5,61.734
5040,107258.769,228818708,WR_IN,0,26142234111280980,82183927,5,1,0,48,8,109952,7,5,51.540
5096,107446.858,229219964,WR_IN,0,26142234111682236,82183928,5,1,0,56,8,131168,7,5,61.485
5152,107621.340,229592192,WR_IN,0,26142234112054464,82183929,5,1,0,64,8,110088,7,5,51.604
5208,107799.716,229972728,WR_IN,0,26142234112435000,82183930,5,1,0,72,8,131740,7,5,61.753
5264,107965.350,230326080,WR_IN,0,26142234112788352,82183931,5,1,0,80,8,110556,7,5,51.823
5320,108121.397,230658980,WR_IN,0,26142234113121252,82183932,5,1,0,88,8,130976,7,5,61.395
5376,108291.043,231020892,WR_IN,0,26142234113483164,82183933,5,1,0,96,8,109980,7,5,51.553
5432,108436.213,231330588,WR_IN,0,26142234113792860,82183934,5,1,0,104,8,132000,7,5,61.875
5488,108591.649,231662184,WR_IN,0,26142234114124456,82183935,5,1,0,112,8,110244,7,5,51.677
5544,108736.337,231970852,WR_IN,0,26142234114433124,82183936,5,1,0,120,8,131788,7,5,61.776
5600,108890.666,232300088,WR_IN,0,26142234114762360,82183937,5,1,0,128,8,110296,7,5,51.701
5656,109032.058,232601724,WR_IN,0,26142234115063996,82183938,5,1,0,136,8,131412,7,5,61.599
5712,109183.076,232923896,WR_IN,0,26142234115386168,82183939,5,1,0,144,8,110196,7,5,51.654
5768,109328.438,233234000,WR_IN,0,26142234115696272,82183940,5,1,0,152,8,131072,7,5,61.440
5824,109483.166,233564088,WR_IN,0,26142234116026360,82183941,5,1,0,160,8,110192,7,5,51.653
5880,109625.813,233868400,WR_IN,0,26142234116330672,82183942,5,1,0,168,8,130860,7,5,61.341
5936,109791.204,234221236,WR_IN,0,26142234116683508,82183943,5,1,0,176,8,110196,7,5,51.654
5992,109921.016,234498168,WR_IN,0,26142234116960440,82183944,5,1,0,184,8,131356,7,5,61.573
6048,110124.450,234932160,WR_IN,0,26142234117394432,82183945,5,1,0,192,8,110292,7,5,51.699
6104,110320.213,235349788,WR_IN,0,26142234117812060,82183946,5,1,0,200,8,131044,7,5,61.427
6160,110523.518,235783504,WR_IN,0,26142234118245776,82183947,5,1,0,208,8,110040,7,5,51.581
6216,110722.236,236207436,WR_IN,0,26142234118669708,82183948,5,1,0,216,8,131108,7,5,61.457
6272,110928.431,236647320,WR_IN,0,26142234119109592,82183949,5,1,0,224,8,110144,7,5,51.630
6328,111123.998,237064528,WR_IN,0,26142234119526800,82183950,5,1,0,232,8,131436,7,5,61.611
6384,111330.450,237504960,WR_IN,0,26142234119967232,82183951,5,1,0,240,8,109812,7,5,51.474
6440,111520.873,237911196,WR_IN,0,26142234120373468,82183952,5,1,0,248,8,131904,7,5,61.830
6496,111681.945,238254816,WR_IN,0,26142234120717088,82183953,5,1,0,256,8,109684,7,5,51.414
6552,111850.958,238615376,WR_IN,0,26142234121077648,82183954,5,1,0,264,8,131336,7,5,61.564
6608,112018.854,238973556,WR_IN,0,26142234121435828,82183955,5,1,0,272,8,110160,7,5,51.638
6664,112198.101,239355948,WR_IN,0,26142234121818220,82183956,5,1,0,280,8,130952,7,5,61.384
6720,112362.208,239706044,WR_IN,0,26142234122168316,82183957,5,1,0,288,8,110248,7,5,51.679
6776,112527.516,240058700,WR_IN,0,26142234122520972,82183958,5,1,0,296,8,131064,7,5,61.436
6832,112689.707,240404708,WR_IN,0,26142234122866980,82183959,5,1,0,304,8,109656,7,5,51.401
6888,112868.271,240785644,WR_IN,0,26142234123247916,82183960,5,1,0,312,8,131308,7,5,61.551
6944,113043.591,241159660,WR_IN,0,26142234123621932,82183961,5,1,0,320,8,109632,7,5,51.390
7000,113222.762,241541892,WR_IN,0,26142234124004164,82183962,5,1,0,328,8,131328,7,5,61.560
7056,113398.226,241916216,WR_IN,0,26142234124378488,82183963,5,1,0,336,8,109980,7,5,51.553
7112,113577.812,242299332,WR_IN,0,26142234124761604,82183964,5,1,0,344,8,132008,7,5,61.879
7168,113756.145,242679776,WR_IN,0,26142234125142048,82183965,5,1,0,352,8,110208,7,5,51.660
7224,113936.246,243063992,WR_IN,0,26142234125526264,82183966,5,1,0,360,8,131632,7,5,61.703
7280,114114.872,243445060,WR_IN,0,26142234125907332,82183967,5,1,0,368,8,110508,7,5,51.801
7336,114292.789,243824616,WR_IN,0,26142234126286888,82183968,5,1,0,376,8,131180,7,5,61.491
7392,114468.008,244198416,WR_IN,0,26142234126660688,82183969,5,1,0,384,8,110336,7,5,51.720
7448,114647.250,244580800,WR_IN,0,26142234127043072,82183970,5,1,0,392,8,130944,7,5,61.380
7504,114829.125,244968800,WR_IN,0,26142234127431072,82183971,5,1,0,400,8,109900,7,5,51.516
7560,115008.851,245352216,WR_IN,0,26142234127814488,82183972,5,1,0,408,8,130836,7,5,61.329
7616,115185.816,245729740,WR_IN,0,26142234128192012,82183973,5,1,0,416,8,110152,7,5,51.634
7672,115364.325,246110560,WR_IN,0,26142234128572832,82183974,5,1,0,424,8,131572,7,5,61.674
7728,115543.629,246493076,WR_IN,0,26142234128955348,82183975,5,1,0,432,8,110400,7,5,51.750
7784,115727.273,246884848,WR_IN,0,26142234129347120,82183976,5,1,0,440,8,131124,7,5,61.464
7840,115900.959,247255380,WR_IN,0,26142234129717652,82183977,5,1,0,448,8,110276,7,5,51.692
7896,116075.886,247628556,WR_IN,0,26142234130090828,82183978,5,1,0,456,8,131012,7,5,61.412
7952,116250.276,248000588,WR_IN,0,26142234130462860,82183979,5,1,0,464,8,109880,7,5,51.506
8008,116429.569,248383080,WR_IN,0,26142234130845352,82183980,5,1,0,472,8,130884,7,5,61.352
8064,116608.474,248764744,WR_IN,0,26142234131227016,82183981,5,1,0,480,8,110160,7,5,51.638
8120,116792.089,249156456,WR_IN,0,26142234131618728,82183982,5,1,0,488,8,131140,7,5,61.472
8176,116971.746,249539724,WR_IN,0,26142234132001996,82183983,5,1,0,496,8,110020,7,5,51.572
8232,117150.289,249920616,WR_IN,0,26142234132382888,82183984,5,1,0,504,8,131744,7,5,61.755
8288,117325.133,250293616,WR_IN,0,26142234132755888,82183985,5,1,0,512,8,110120,7,5,51.619
8344,117504.326,250675896,WR_IN,0,26142234133138168,82183986,5,1,0,520,8,132048,7,5,61.898
8400,117682.680,251056384,WR_IN,0,26142234133518656,82183987,5,1,0,528,8,110044,7,5,51.583
8456,117859.598,251433808,WR_IN,0,26142234133896080,82183988,5,1,0,536,8,131144,7,5,61.474
8512,118036.680,251811584,WR_IN,0,26142234134273856,82183989,5,1,0,544,8,109920,7,5,51.525
8568,118215.833,252193776,WR_IN,0,26142234134656048,82183990,5,1,0,552,8,131592,7,5,61.684
8624,118395.323,252576688,WR_IN,0,26142234135038960,82183991,5,1,0,560,8,109916,7,5,51.523
8680,118571.814,252953204,WR_IN,0,26142234135415476,82183992,5,1,0,568,8,131352,7,5,61.571
8736,118749.626,253332536,WR_IN,0,26142234135794808,82183993,5,1,0,576,8,110068,7,5,51.594
8792,118923.349,253703144,WR_IN,0,26142234136165416,82183994,5,1,0,584,8,131320,7,5,61.556
8848,119102.897,254086180,WR_IN,0,26142234136548452,82183995,5,1,0,592,8,110272,7,5,51.690
8904,119281.217,254466596,WR_IN,0,26142234136928868,82183996,5,1,0,600,8,131384,7,5,61.586
8960,119457.161,254841944,WR_IN,0,26142234137304216,82183997,5,1,0,608,8,109968,7,5,51.548
9016,119636.393,255224304,WR_IN,0,26142234137686576,82183998,5,1,0,616,8,131096,7,5,61.451
9072,119810.730,255596224,WR_IN,0,26142234138058496,82183999,5,1,0,624,8,110276,7,5,51.692
9128,119985.641,255969368,WR_IN,0,26142234138431640,82184000,5,1,0,632,8,131080,7,5,61.444
9184,120165.519,256353108,WR_IN,0,26142234138815380,82184001,5,1,0,640,8,109928,7,5,51.529
9240,120343.693,256733212,WR_IN,0,26142234139195484,82184002,5,1,0,648,8,131044,7,5,61.427
9296,120523.099,257115944,WR_IN,0,26142234139578216,82184003,5,1,0,656,8,109996,7,5,51.561
9352,120678.808,257448124,WR_IN,0,26142234139910396,82184004,5,1,0,664,8,131056,7,5,61.433
9408,120853.755,257821344,WR_IN,0,26142234140283616,82184005,5,1,0,672,8,109540,7,5,51.347
9464,121026.495,258189856,WR_IN,0,26142234140652128,82184006,5,1,0,680,8,131588,7,5,61.682
9520,121205.809,258572392,WR_IN,0,26142234141034664,82184007,5,1,0,688,8,110340,7,5,51.722
9576,121385.588,258955920,WR_IN,0,26142234141418192,82184008,5,1,0,696,8,131000,7,5,61.406
9632,121560.131,259328280,WR_IN,0,26142234141790552,82184009,5,1,0,704,8,110200,7,5,51.656
9688,121729.779,259690196,WR_IN,0,26142234142152468,82184010,5,1,0,712,8,131152,7,5,61.478
9744,121895.460,260043648,WR_IN,0,26142234142505920,82184011,5,1,0,720,8,109572,7,5,51.362
9800,122061.024,260396852,WR_IN,0,26142234142859124,82184012,5,1,0,728,8,130544,7,5,61.193
9856,122225.533,260747804,WR_IN,0,26142234143210076,82184013,5,1,0,736,8,109940,7,5,51.534
9912,122394.570,261108416,WR_IN,0,26142234143570688,82184014,5,1,0,744,8,131172,7,5,61.487
9968,122558.426,261457976,WR_IN,0,26142234143920248,82184015,5,1,0,752,8,111560,7,5,52.294
10024,122728.575,261820960,WR_IN,0,26142234144283232,82184016,5,1,0,760,8,131020,7,5,61.416
10080,122896.824,262179892,WR_IN,0,26142234144642164,82184017,5,1,0,768,8,110096,7,5,51.608
10136,123074.640,262559232,WR_IN,0,26142234145021504,82184018,5,1,0,776,8,131072,7,5,61.440
10192,123242.430,262917184,WR_IN,0,26142234145379456,82184019,5,1,0,784,8,109892,7,5,51.512
10248,123410.447,263275620,WR_IN,0,26142234145737892,82184020,5,1,0,792,8,130804,7,5,61.314
10304,123579.351,263635948,WR_IN,0,26142234146098220,82184021,5,1,0,800,8,109752,7,5,51.446
10360,123743.106,263985292,WR_IN,0,26142234146447564,82184022,5,1,0,808,8,130664,7,5,61.249
10416,123915.765,264353632,WR_IN,0,26142234146815904,82184023,5,1,0,816,8,109492,7,5,51.324
10472,124079.661,264703276,WR_IN,0,26142234147165548,82184024,5,1,0,824,8,131248,7,5,61.523
10528,124252.778,265072592,WR_IN,0,26142234147534864,82184025,5,1,0,832,8,110088,7,5,51.604
10584,124424.364,265438644,WR_IN,0,26142234147900916,82184026,5,1,0,840,8,130980,7,5,61.397
10640,124595.621,265803992,WR_IN,0,26142234148266264,82184027,5,1,0,848,8,109720,7,5,51.431
10696,124758.388,266151228,WR_IN,0,26142234148613500,82184028,5,1,0,856,8,131356,7,5,61.573
10752,124927.736,266512504,WR_IN,0,26142234148974776,82184029,5,1,0,864,8,110072,7,5,51.596
10808,125100.062,266880132,WR_IN,0,26142234149342404,82184030,5,1,0,872,8,131184,7,5,61.493
10864,125265.971,267234072,WR_IN,0,26142234149696344,82184031,5,1,0,880,8,110200,7,5,51.656
10920,125435.284,267595272,WR_IN,0,26142234150057544,82184032,5,1,0,888,8,130520,7,5,61.181
10976,125605.129,267957608,WR_IN,0,26142234150419880,82184033,5,1,0,896,8,109728,7,5,51.435
11032,125771.685,268312928,WR_IN,0,26142234150775200,82184034,5,1,0,904,8,130976,7,5,61.395
11088,125945.543,268683824,WR_IN,0,26142234151146096,82184035,5,1,0,912,8,109648,7,5,51.398
11144,126120.701,269057496,WR_IN,0,26142234151519768,82184036,5,1,0,920,8,131076,7,5,61.442
11200,126292.463,269423920,WR_IN,0,26142234151886192,82184037,5,1,0,928,8,109880,7,5,51.506
11256,126468.437,269799332,WR_IN,0,26142234152261604,82184038,5,1,0,936,8,130900,7,5,61.359
11312,126633.609,270151700,WR_IN,0,26142234152613972,82184039,5,1,0,944,8,110020,7,5,51.572
11368,126801.150,270509120,WR_IN,0,26142234152971392,82184040,5,1,0,952,8,131168,7,5,61.485
11424,126980.363,270891440,WR_IN,0,26142234153353712,82184041,5,1,0,960,8,109640,7,5,51.394
11480,127141.988,271236240,WR_IN,0,26142234153698512,82184042,5,1,0,968,8,131136,7,5,61.470
11536,127314.118,271603452,WR_IN,0,26142234154065724,82184043,5,1,0,976,8,110096,7,5,51.608
11592,127475.989,271948776,WR_IN,0,26142234154411048,82184044,5,1,0,984,8,130804,7,5,61.314
11648,127641.919,272302760,WR_IN,0,26142234154765032,82184045,5,1,0,992,8,109620,7,5,51.384
11704,127799.222,272638340,WR_IN,0,26142234155100612,82184046,5,1,0,1000,8,131112,7,5,61.459
11760,127988.079,273041236,WR_IN,0,26142234155503508,82184047,5,1,0,1008,8,109696,7,5,51.420
11816,128156.173,273399836,WR_IN,0,26142234155862108,82184048,5,1,0,1016,8,139976,7,5,65.614
11872,128334.341,273779928,WR_IN,0,26142234156242200,82184049,5,1,0,1024,8,109744,7,5,51.443
11928,128509.982,274154628,WR_IN,0,26142234156616900,82184050,5,1,0,1032,8,130900,7,5,61.359
11984,128678.762,274514692,WR_IN,0,26142234156976964,82184051,5,1,0,1040,8,109716,7,5,51.429
12040,128853.926,274888376,WR_IN,0,26142234157350648,82184052,5,1,0,1048,8,131464,7,5,61.624
12096,129023.663,275250480,WR_IN,0,26142234157712752,82184053,5,1,0,1056,8,109848,7,5,51.491
12152,129192.004,275609608,WR_IN,0,26142234158071880,82184054,5,1,0,1064,8,130980,7,5,61.397
12208,129357.932,275963588,WR_IN,0,26142234158425860,82184055,5,1,0,1072,8,109944,7,5,51.536
12264,129519.943,276309212,WR_IN,0,26142234158771484,82184056,5,1,0,1080,8,131340,7,5,61.566
12320,129691.601,276675416,WR_IN,0,26142234159137688,82184057,5,1,0,1088,8,109516,7,5,51.336
12376,129851.061,277015596,WR_IN,0,26142234159477868,82184058,5,1,0,1096,8,131152,7,5,61.478
12432,130023.328,277383100,WR_IN,0,26142234159845372,82184059,5,1,0,1104,8,109792,7,5,51.465
12488,130182.804,277723316,WR_IN,0,26142234160185588,82184060,5,1,0,1112,8,130996,7,5,61.404
12544,130347.426,278074508,WR_IN,0,26142234160536780,82184061,5,1,0,1120,8,110200,7,5,51.656
12600,130511.068,278423612,WR_IN,0,26142234160885884,82184062,5,1,0,1128,8,130936,7,5,61.376
12656,130684.693,278794012,WR_IN,0,26142234161256284,82184063,5,1,0,1136,8,109784,7,5,51.461
12712,130840.639,279126696,WR_IN,0,26142234161588968,82184064,5,1,0,1144,8,131440,7,5,61.613
12768,131013.849,279496212,WR_IN,0,26142234161958484,82184065,5,1,0,1152,8,109812,7,5,51.474
12824,131174.021,279837912,WR_IN,0,26142234162300184,82184066,5,1,0,1160,8,131360,7,5,61.575
12880,131345.880,280204544,WR_IN,0,26142234162666816,82184067,5,1,0,1168,8,110096,7,5,51.608
12936,131506.598,280547408,WR_IN,0,26142234163009680,82184068,5,1,0,1176,8,131424,7,5,61.605
12992,131673.060,280902528,WR_IN,0,26142234163364800,82184069,5,1,0,1184,8,109584,7,5,51.368
13048,131832.915,281243552,WR_IN,0,26142234163705824,82184070,5,1,0,1192,8,131380,7,5,61.584
13104,132000.257,281600548,WR_IN,0,26142234164062820,82184071,5,1,0,1200,8,110540,7,5,51.816
13160,132168.669,281959828,WR_IN,0,26142234164422100,82184072,5,1,0,1208,8,131172,7,5,61.487
13216,132331.024,282306184,WR_IN,0,26142234164768456,82184073,5,1,0,1216,8,110316,7,5,51.711
13272,132488.569,282642280,WR_IN,0,26142234165104552,82184074,5,1,0,1224,8,131208,7,5,61.504
13328,132660.666,283009420,WR_IN,0,26142234165471692,82184075,5,1,0,1232,8,110508,7,5,51.801
13384,132820.164,283349684,WR_IN,0,26142234165811956,82184076,5,1,0,1240,8,131372,7,5,61.581
13440,132994.344,283721268,WR_IN,0,26142234166183540,82184077,5,1,0,1248,8,110136,7,5,51.626
13496,133151.424,284056372,WR_IN,0,26142234166518644,82184078,5,1,0,1256,8,130904,7,5,61.361
13552,133325.098,284426876,WR_IN,0,26142234166889148,82184079,5,1,0,1264,8,110028,7,5,51.576
13608,133493.492,284786116,WR_IN,0,26142234167248388,82184080,5,1,0,1272,8,131520,7,5,61.650
13664,133662.161,285145944,WR_IN,0,26142234167608216,82184081,5,1,0,1280,8,109724,7,5,51.433
13720,133828.543,285500892,WR_IN,0,26142234167963164,82184082,5,1,0,1288,8,131080,7,5,61.444
13776,133997.124,285860532,WR_IN,0,26142234168322804,82184083,5,1,0,1296,8,110056,7,5,51.589
13832,134174.276,286238456,WR_IN,0,26142234168700728,82184084,5,1,0,1304,8,130896,7,5,61.358
13888,134342.644,286597640,WR_IN,0,26142234169059912,82184085,5,1,0,1312,8,109788,7,5,51.463
13944,134518.943,286973744,WR_IN,0,26142234169436016,82184086,5,1,0,1320,8,130812,7,5,61.318
14000,134689.749,287338132,WR_IN,0,26142234169800404,82184087,5,1,0,1328,8,109692,7,5,51.418
14056,134861.629,287704808,WR_IN,0,26142234170167080,82184088,5,1,0,1336,8,130764,7,5,61.296
14112,135032.040,288068352,WR_IN,0,26142234170530624,82184089,5,1,0,1344,8,110012,7,5,51.568
14168,135199.575,288425760,WR_IN,0,26142234170888032,82184090,5,1,0,1352,8,130636,7,5,61.236
14224,135366.193,288781212,WR_IN,0,26142234171243484,82184091,5,1,0,1360,8,109692,7,5,51.418
14280,135526.438,289123068,WR_IN,0,26142234171585340,82184092,5,1,0,1368,8,130952,7,5,61.384
14336,135699.484,289492232,WR_IN,0,26142234171954504,82184093,5,1,0,1376,8,110216,7,5,51.664
14392,135861.971,289838872,WR_IN,0,26142234172301144,82184094,5,1,0,1384,8,130268,7,5,61.063
14448,136026.848,290190608,WR_IN,0,26142234172652880,82184095,5,1,0,1392,8,109880,7,5,51.506
14504,136190.477,290539684,WR_IN,0,26142234173001956,82184096,5,1,0,1400,8,130800,7,5,61.313
14560,136362.129,290905876,WR_IN,0,26142234173368148,82184097,5,1,0,1408,8,109696,7,5,51.420
14616,136534.984,291274632,WR_IN,0,26142234173736904,82184098,5,1,0,1416,8,131080,7,5,61.444
14672,136704.435,291636128,WR_IN,0,26142234174098400,82184099,5,1,0,1424,8,109616,7,5,51.383
14728,136863.731,291975960,WR_IN,0,26142234174438232,82184100,5,1,0,1432,8,130456,7,5,61.151
14784,137035.491,292342380,WR_IN,0,26142234174804652,82184101,5,1,0,1440,8,109924,7,5,51.527
14840,137194.502,292681604,WR_IN,0,26142234175143876,82184102,5,1,0,1448,8,130480,7,5,61.163
14896,137362.800,293040640,WR_IN,0,26142234175502912,82184103,5,1,0,1456,8,109900,7,5,51.516
14952,137522.616,293381580,WR_IN,0,26142234175843852,82184104,5,1,0,1464,8,131472,7,5,61.628
15008,137691.368,293741584,WR_IN,0,26142234176203856,82184105,5,1,0,1472,8,110036,7,5,51.579
15064,137869.026,294120588,WR_IN,0,26142234176582860,82184106,5,1,0,1480,8,131180,7,5,61.491
15120,138036.518,294477904,WR_IN,0,26142234176940176,82184107,5,1,0,1488,8,109984,7,5,51.555
15176,138196.406,294819000,WR_IN,0,26142234177281272,82184108,5,1,0,1496,8,130640,7,5,61.238
15232,138363.804,295176116,WR_IN,0,26142234177638388,82184109,5,1,0,1504,8,109836,7,5,51.486
15288,138537.126,295545868,WR_IN,0,26142234178008140,82184110,5,1,0,1512,8,130932,7,5,61.374
15344,138701.741,295897048,WR_IN,0,26142234178359320,82184111,5,1,0,1520,8,110104,7,5,51.611
15400,138875.063,296266800,WR_IN,0,26142234178729072,82184112,5,1,0,1528,8,130556,7,5,61.198
15456,139039.864,296618376,WR_IN,0,26142234179080648,82184113,5,1,0,1536,8,110504,7,5,51.799
15512,139208.852,296978884,WR_IN,0,26142234179441156,82184114,5,1,0,1544,8,132016,7,5,61.883
15568,139376.976,297337548,WR_IN,0,26142234179799820,82184115,5,1,0,1552,8,110628,7,5,51.857
15624,139544.513,297694960,WR_IN,0,26142234180157232,82184116,5,1,0,1560,8,131084,7,5,61.446
15680,139713.261,298054956,WR_IN,0,26142234180517228,82184117,5,1,0,1568,8,110180,7,5,51.647
15736,139870.605,298390624,WR_IN,0,26142234180852896,82184118,5,1,0,1576,8,131156,7,5,61.479
15792,140040.225,298752480,WR_IN,0,26142234181214752,82184119,5,1,0,1584,8,109928,7,5,51.529
15848,140197.560,299088128,WR_IN,0,26142234181550400,82184120,5,1,0,1592,8,130944,7,5,61.380
15904,140367.298,299450236,WR_IN,0,26142234181912508,82184121,5,1,0,1600,8,109940,7,5,51.534
15960,140545.326,299830028,WR_IN,0,26142234182292300,82184122,5,1,0,1608,8,131840,7,5,61.800
16016,140715.619,300193320,WR_IN,0,26142234182655592,82184123,5,1,0,1616,8,110284,7,5,51.696
16072,140875.479,300534356,WR_IN,0,26142234182996628,82184124,5,1,0,1624,8,131168,7,5,61.485
16128,141052.742,300912516,WR_IN,0,26142234183374788,82184125,5,1,0,1632,8,110016,7,5,51.570
16184,141211.350,301250880,WR_IN,0,26142234183713152,82184126,5,1,0,1640,8,131308,7,5,61.551
16240,141381.259,301613352,WR_IN,0,26142234184075624,82184127,5,1,0,1648,8,110572,7,5,51.831
16296,141542.269,301956840,WR_IN,0,26142234184419112,82184128,5,1,0,1656,8,131024,7,5,61.418
16352,141716.143,302327772,WR_IN,0,26142234184790044,82184129,5,1,0,1664,8,110056,7,5,51.589
16408,141877.014,302670964,WR_IN,0,26142234185133236,82184130,5,1,0,1672,8,130896,7,5,61.358
16464,142046.528,303032592,WR_IN,0,26142234185494864,82184131,5,1,0,1680,8,109916,7,5,51.523
16520,142200.587,303361252,WR_IN,0,26142234185823524,82184132,5,1,0,1688,8,130708,7,5,61.269
16576,142365.203,303712432,WR_IN,0,26142234186174704,82184133,5,1,0,1696,8,110340,7,5,51.722
16632,142519.714,304042056,WR_IN,0,26142234186504328,82184134,5,1,0,1704,8,131512,7,5,61.646
16688,142689.446,304404152,WR_IN,0,26142234186866424,82184135,5,1,0,1712,8,110332,7,5,51.718
16744,142849.174,304744904,WR_IN,0,26142234187207176,82184136,5,1,0,1720,8,131152,7,5,61.478
16800,143021.646,305112844,WR_IN,0,26142234187575116,82184137,5,1,0,1728,8,109752,7,5,51.446
16856,143192.809,305477992,WR_IN,0,26142234187940264,82184138,5,1,0,1736,8,131288,7,5,61.541
16912,143373.954,305864436,WR_IN,0,26142234188326708,82184139,5,1,0,1744,8,109724,7,5,51.433
16968,143536.337,306210852,WR_IN,0,26142234188673124,82184140,5,1,0,1752,8,130808,7,5,61.316
17024,143704.033,306568604,WR_IN,0,26142234189030876,82184141,5,1,0,1760,8,109848,7,5,51.491
17080,143865.771,306913644,WR_IN,0,26142234189375916,82184142,5,1,0,1768,8,131172,7,5,61.487
17136,144032.968,307270332,WR_IN,0,26142234189732604,82184143,5,1,0,1776,8,109956,7,5,51.542
17192,144187.813,307600668,WR_IN,0,26142234190062940,82184144,5,1,0,1784,8,131376,7,5,61.583
17248,144356.955,307961504,WR_IN,0,26142234190423776,82184145,5,1,0,1792,8,110200,7,5,51.656
17304,144512.516,308293368,WR_IN,0,26142234190755640,82184146,5,1,0,1800,8,131284,7,5,61.539
17360,144685.245,308661856,WR_IN,0,26142234191124128,82184147,5,1,0,1808,8,110504,7,5,51.799
17416,144854.211,309022316,WR_IN,0,26142234191484588,82184148,5,1,0,1816,8,131268,7,5,61.532
17472,145022.839,309382056,WR_IN,0,26142234191844328,82184149,5,1,0,1824,8,110140,7,5,51.628
17528,145184.066,309726008,WR_IN,0,26142234192188280,82184150,5,1,0,1832,8,130976,7,5,61.395
17584,145352.321,310084952,WR_IN,0,26142234192547224,82184151,5,1,0,1840,8,110032,7,5,51.578
17640,145510.157,310421668,WR_IN,0,26142234192883940,82184152,5,1,0,1848,8,131208,7,5,61.504
17696,145676.291,310776088,WR_IN,0,26142234193238360,82184153,5,1,0,1856,8,110536,7,5,51.814
17752,145847.181,311140652,WR_IN,0,26142234193602924,82184154,5,1,0,1864,8,130988,7,5,61.401
17808,146020.532,311510468,WR_IN,0,26142234193972740,82184155,5,1,0,1872,8,109924,7,5,51.527
17864,146191.541,311875288,WR_IN,0,26142234194337560,82184156,5,1,0,1880,8,130772,7,5,61.299
17920,146355.371,312224792,WR_IN,0,26142234194687064,82184157,5,1,0,1888,8,110660,7,5,51.872
17976,146521.901,312580056,WR_IN,0,26142234195042328,82184158,5,1,0,1896,8,131364,7,5,61.577
18032,146692.978,312945020,WR_IN,0,26142234195407292,82184159,5,1,0,1904,8,110852,7,5,51.962
18088,146856.763,313294428,WR_IN,0,26142234195756700,82184160,5,1,0,1912,8,131048,7,5,61.429
18144,147024.668,313652624,WR_IN,0,26142234196114896,82184161,5,1,0,1920,8,109752,7,5,51.446
18200,147200.147,314026980,WR_IN,0,26142234196489252,82184162,5,1,0,1928,8,130820,7,5,61.322
18256,147368.861,314386904,WR_IN,0,26142234196849176,82184163,5,1,0,1936,8,110028,7,5,51.576
18312,147522.763,314715228,WR_IN,0,26142234197177500,82184164,5,1,0,1944,8,131404,7,5,61.596
18368,147692.085,315076448,WR_IN,0,26142234197538720,82184165,5,1,0,1952,8,110420,7,5,51.759
18424,147869.220,315454336,WR_IN,0,26142234197916608,82184166,5,1,0,1960,8,130940,7,5,61.378
18480,148038.679,315815848,WR_IN,0,26142234198278120,82184167,5,1,0,1968,8,109788,7,5,51.463
18536,148211.194,316183880,WR_IN,0,26142234198646152,82184168,5,1,0,1976,8,131608,7,5,61.691
18592,148379.012,316541892,WR_IN,0,26142234199004164,82184169,5,1,0,1984,8,110968,7,5,52.016
18648,148537.014,316878964,WR_IN,0,26142234199341236,82184170,5,1,0,1992,8,131108,7,5,61.457
18704,148704.105,317235424,WR_IN,0,26142234199697696,82184171,5,1,0,2000,8,110000,7,5,51.563
18760,148863.917,317576356,WR_IN,0,26142234200038628,82184172,5,1,0,2008,8,131368,7,5,61.579
18816,149032.476,317935948,WR_IN,0,26142234200398220,82184173,5,1,0,2016,8,109672,7,5,51.409
18872,149202.677,318299044,WR_IN,0,26142234200761316,82184174,5,1,0,2024,8,131472,7,5,61.628
18928,149372.233,318660764,WR_IN,0,26142234201123036,82184175,5,1,0,2032,8,109592,7,5,51.371
18984,149539.802,319018244,WR_IN,0,26142234201480516,82184176,5,1,0,2040,8,131384,7,5,61.586
19040,149713.787,319389412,WR_IN,0,26142234201851684,82184177,5,1,0,2048,8,110180,7,5,51.647
19096,149875.695,319734816,WR_IN,0,26142234202197088,82184178,5,1,0,2056,8,131576,7,5,61.676
19152,150045.516,320097100,WR_IN,0,26142234202559372,82184179,5,1,0,2064,8,110164,7,5,51.639
19208,150202.924,320432904,WR_IN,0,26142234202895176,82184180,5,1,0,2072,8,131088,7,5,61.448
19264,150375.654,320801396,WR_IN,0,26142234203263668,82184181,5,1,0,2080,8,109840,7,5,51.488
19320,150537.270,321146176,WR_IN,0,26142234203608448,82184182,5,1,0,2088,8,130896,7,5,61.358
19376,150710.644,321516040,WR_IN,0,26142234203978312,82184183,5,1,0,2096,8,109600,7,5,51.375
19432,150869.338,321854588,WR_IN,0,26142234204316860,82184184,5,1,0,2104,8,131376,7,5,61.583
19488,151038.988,322216508,WR_IN,0,26142234204678780,82184185,5,1,0,2112,8,109804,7,5,51.471
19544,151197.881,322555480,WR_IN,0,26142234205017752,82184186,5,1,0,2120,8,131516,7,5,61.648
19600,151364.873,322911728,WR_IN,0,26142234205374000,82184187,5,1,0,2128,8,110036,7,5,51.579
19656,151544.389,323294696,WR_IN,0,26142234205756968,82184188,5,1,0,2136,8,130888,7,5,61.354
19712,151713.021,323654444,WR_IN,0,26142234206116716,82184189,5,1,0,2144,8,110072,7,5,51.596
19768,151875.167,324000356,WR_IN,0,26142234206462628,82184190,5,1,0,2152,8,131064,7,5,61.436
19824,152047.830,324368704,WR_IN,0,26142234206830976,82184191,5,1,0,2160,8,109952,7,5,51.540
19880,152205.996,324706124,WR_IN,0,26142234207168396,82184192,5,1,0,2168,8,131296,7,5,61.545
19936,152375.854,325068488,WR_IN,0,26142234207530760,82184193,5,1,0,2176,8,110144,7,5,51.630
19992,152552.556,325445452,WR_IN,0,26142234207907724,82184194,5,1,0,2184,8,131656,7,5,61.714
20048,152723.359,325809832,WR_IN,0,26142234208272104,82184195,5,1,0,2192,8,109904,7,5,51.518
20104,152896.545,326179296,WR_IN,0,26142234208641568,82184196,5,1,0,2200,8,130820,7,5,61.322
20160,153062.910,326534208,WR_IN,0,26142234208996480,82184197,5,1,0,2208,8,109784,7,5,51.461
20216,153239.563,326911068,WR_IN,0,26142234209373340,82184198,5,1,0,2216,8,131184,7,5,61.493
20272,153410.554,327275848,WR_IN,0,26142234209738120,82184199,5,1,0,2224,8,110044,7,5,51.583
20328,153568.262,327612292,WR_IN,0,26142234210074564,82184200,5,1,0,2232,8,130688,7,5,61.260
20384,153738.938,327976400,WR_IN,0,26142234210438672,82184201,5,1,0,2240,8,109568,7,5,51.360
20440,153908.681,328338520,WR_IN,0,26142234210800792,82184202,5,1,0,2248,8,130696,7,5,61.264
20496,154079.732,328703428,WR_IN,0,26142234211165700,82184203,5,1,0,2256,8,109412,7,5,51.287
20552,154239.681,329044652,WR_IN,0,26142234211506924,82184204,5,1,0,2264,8,130376,7,5,61.114
20608,154412.689,329413736,WR_IN,0,26142234211876008,82184205,5,1,0,2272,8,110172,7,5,51.643
20664,154573.123,329755996,WR_IN,0,26142234212218268,82184206,5,1,0,2280,8,131308,7,5,61.551
20720,154740.669,330113428,WR_IN,0,26142234212575700,82184207,5,1,0,2288,8,109972,7,5,51.549
20776,154913.843,330482864,WR_IN,0,26142234212945136,82184208,5,1,0,2296,8,131748,7,5,61.757
20832,155081.961,330841516,WR_IN,0,26142234213303788,82184209,5,1,0,2304,8,110660,7,5,51.872
20888,155250.654,331201396,WR_IN,0,26142234213663668,82184210,5,1,0,2312,8,131124,7,5,61.464
20944,155417.404,331557128,WR_IN,0,26142234214019400,82184211,5,1,0,2320,8,110136,7,5,51.626
21000,155581.528,331907260,WR_IN,0,26142234214369532,82184212,5,1,0,2328,8,131532,7,5,61.656
21056,155749.508,332265616,WR_IN,0,26142234214727888,82184213,5,1,0,2336,8,109432,7,5,51.296
21112,155910.692,332609476,WR_IN,0,26142234215071748,82184214,5,1,0,2344,8,132516,7,5,62.117
21168,156082.967,332976996,WR_IN,0,26142234215439268,82184215,5,1,0,2352,8,109744,7,5,51.443
21224,156249.330,333331904,WR_IN,0,26142234215794176,82184216,5,1,0,2360,8,130920,7,5,61.369
21280,156419.143,333694172,WR_IN,0,26142234216156444,82184217,5,1,0,2368,8,109900,7,5,51.516
21336,156596.423,334072368,WR_IN,0,26142234216534640,82184218,5,1,0,2376,8,130988,7,5,61.401
21392,156768.593,334439664,WR_IN,0,26142234216901936,82184219,5,1,0,2384,8,109552,7,5,51.353
21448,156926.329,334776168,WR_IN,0,26142234217238440,82184220,5,1,0,2392,8,131480,7,5,61.631
21504,157095.778,335137660,WR_IN,0,26142234217599932,82184221,5,1,0,2400,8,109888,7,5,51.510
21560,157250.771,335468312,WR_IN,0,26142234217930584,82184222,5,1,0,2408,8,130996,7,5,61.404
21616,157420.074,335829492,WR_IN,0,26142234218291764,82184223,5,1,0,2416,8,109668,7,5,51.407
21672,157579.091,336168728,WR_IN,0,26142234218631000,82184224,5,1,0,2424,8,131132,7,5,61.468
21728,157752.506,336538680,WR_IN,0,26142234219000952,82184225,5,1,0,2432,8,109860,7,5,51.497
21784,157909.952,336874564,WR_IN,0,26142234219336836,82184226,5,1,0,2440,8,131160,7,5,61.481
21840,158078.966,337235128,WR_IN,0,26142234219697400,82184227,5,1,0,2448,8,109692,7,5,51.418
21896,158238.932,337576388,WR_IN,0,26142234220038660,82184228,5,1,0,2456,8,130820,7,5,61.322
21952,158412.664,337947016,WR_IN,0,26142234220409288,82184229,5,1,0,2464,8,110068,7,5,51.594
22008,158570.537,338283812,WR_IN,0,26142234220746084,82184230,5,1,0,2472,8,131620,7,5,61.697
22064,158740.727,338646884,WR_IN,0,26142234221109156,82184231,5,1,0,2480,8,109608,7,5,51.379
22120,158916.643,339022172,WR_IN,0,26142234221484444,82184232,5,1,0,2488,8,131148,7,5,61.476
22176,159085.419,339382228,WR_IN,0,26142234221844500,82184233,5,1,0,2496,8,109904,7,5,51.518
22232,159241.918,339716092,WR_IN,0,26142234222178364,82184234,5,1,0,2504,8,131172,7,5,61.487
22288,159410.539,340075816,WR_IN,0,26142234222538088,82184235,5,1,0,2512,8,109908,7,5,51.519
22344,159575.149,340426984,WR_IN,0,26142234222889256,82184236,5,1,0,2520,8,130924,7,5,61.371
22400,159743.743,340786652,WR_IN,0,26142234223248924,82184237,5,1,0,2528,8,109880,7,5,51.506
22456,159920.865,341164512,WR_IN,0,26142234223626784,82184238,5,1,0,2536,8,130936,7,5,61.376
22512,160087.538,341520080,WR_IN,0,26142234223982352,82184239,5,1,0,2544,8,109888,7,5,51.510
22568,160260.212,341888452,WR_IN,0,26142234224350724,82184240,5,1,0,2552,8,131116,7,5,61.461
22624,160432.907,342256868,WR_IN,0,26142234224719140,82184241,5,1,0,2560,8,109944,7,5,51.536
22680,160592.961,342598316,WR_IN,0,26142234225060588,82184242,5,1,0,2568,8,131068,7,5,61.438
22736,160765.817,342967076,WR_IN,0,26142234225429348,82184243,5,1,0,2576,8,109996,7,5,51.561
22792,160923.143,343302704,WR_IN,0,26142234225764976,82184244,5,1,0,2584,8,130892,7,5,61.356
22848,161088.771,343656044,WR_IN,0,26142234226118316,82184245,5,1,0,2592,8,109756,7,5,51.448
22904,161250.208,344000444,WR_IN,0,26142234226462716,82184246,5,1,0,2600,8,130880,7,5,61.350
22960,161421.197,344365220,WR_IN,0,26142234226827492,82184247,5,1,0,2608,8,109352,7,5,51.259
23016,161579.233,344702364,WR_IN,0,26142234227164636,82184248,5,1,0,2616,8,130952,7,5,61.384
23072,161752.849,345072744,WR_IN,0,26142234227535016,82184249,5,1,0,2624,8,110440,7,5,51.769
23128,161921.601,345432748,WR_IN,0,26142234227895020,82184250,5,1,0,2632,8,130876,7,5,61.348
23184,162097.547,345808100,WR_IN,0,26142234228270372,82184251,5,1,0,2640,8,110232,7,5,51.671
23240,162257.912,346150212,WR_IN,0,26142234228612484,82184252,5,1,0,2648,8,130616,7,5,61.226
23296,162425.625,346508000,WR_IN,0,26142234228970272,82184253,5,1,0,2656,8,109772,7,5,51.456
23352,162598.851,346877548,WR_IN,0,26142234229339820,82184254,5,1,0,2664,8,130608,7,5,61.223
23408,162764.239,347230376,WR_IN,0,26142234229692648,82184255,5,1,0,2672,8,109488,7,5,51.323
23464,162932.968,347590332,WR_IN,0,26142234230052604,82184256,5,1,0,2680,8,130536,7,5,61.189
23520,163098.703,347943900,WR_IN,0,26142234230406172,82184257,5,1,0,2688,8,109772,7,5,51.456
23576,163265.771,348300312,WR_IN,0,26142234230762584,82184258,5,1,0,2696,8,130740,7,5,61.284
23632,163433.516,348658168,WR_IN,0,26142234231120440,82184259,5,1,0,2704,8,109744,7,5,51.443
23688,163609.961,349034584,WR_IN,0,26142234231496856,82184260,5,1,0,2712,8,131580,7,5,61.678
23744,163778.117,349393316,WR_IN,0,26142234231855588,82184261,5,1,0,2720,8,109368,7,5,51.266
23800,163937.128,349732540,WR_IN,0,26142234232194812,82184262,5,1,0,2728,8,130472,7,5,61.159
23856,164111.259,350104020,WR_IN,0,26142234232566292,82184263,5,1,0,2736,8,110088,7,5,51.604
23912,164269.553,350441712,WR_IN,0,26142234232903984,82184264,5,1,0,2744,8,130988,7,5,61.401
23968,164437.620,350800256,WR_IN,0,26142234233262528,82184265,5,1,0,2752,8,109648,7,5,51.398
24024,164610.268,351168572,WR_IN,0,26142234233630844,82184266,5,1,0,2760,8,130756,7,5,61.292
24080,164779.883,351530416,WR_IN,0,26142234233992688,82184267,5,1,0,2768,8,109684,7,5,51.414
24136,164940.566,351873208,WR_IN,0,26142234234335480,82184268,5,1,0,2776,8,131108,7,5,61.457
24192,165114.158,352243536,WR_IN,0,26142234234705808,82184269,5,1,0,2784,8,109968,7,5,51.548
24248,165271.052,352578244,WR_IN,0,26142234235040516,82184270,5,1,0,2792,8,130776,7,5,61.301
24304,165438.758,352936016,WR_IN,0,26142234235398288,82184271,5,1,0,2800,8,109880,7,5,51.506
24360,165597.341,353274328,WR_IN,0,26142234235736600,82184272,5,1,0,2808,8,131740,7,5,61.753
24416,165768.336,353639116,WR_IN,0,26142234236101388,82184273,5,1,0,2816,8,109872,7,5,51.503
24472,165929.559,353983060,WR_IN,0,26142234236445332,82184274,5,1,0,2824,8,131056,7,5,61.433
24528,166097.301,354340908,WR_IN,0,26142234236803180,82184275,5,1,0,2832,8,109612,7,5,51.381
24584,166254.083,354675376,WR_IN,0,26142234237137648,82184276,5,1,0,2840,8,131236,7,5,61.517
24640,166422.638,355034960,WR_IN,0,26142234237497232,82184277,5,1,0,2848,8,109816,7,5,51.476
24696,166598.389,355409896,WR_IN,0,26142234237872168,82184278,5,1,0,2856,8,131316,7,5,61.554
24752,166765.328,355766032,WR_IN,0,26142234238228304,82184279,5,1,0,2864,8,109876,7,5,51.504
24808,166924.854,356106356,WR_IN,0,26142234238568628,82184280,5,1,0,2872,8,131112,7,5,61.459
24864,167093.503,356466140,WR_IN,0,26142234238928412,82184281,5,1,0,2880,8,109776,7,5,51.458
24920,167252.436,356805196,WR_IN,0,26142234239267468,82184282,5,1,0,2888,8,131168,7,5,61.485
24976,167419.757,357162148,WR_IN,0,26142234239624420,82184283,5,1,0,2896,8,109792,7,5,51.465
25032,167587.245,357519456,WR_IN,0,26142234239981728,82184284,5,1,0,2904,8,131132,7,5,61.468
25088,167755.963,357879388,WR_IN,0,26142234240341660,82184285,5,1,0,2912,8,109856,7,5,51.495
25144,167919.287,358227812,WR_IN,0,26142234240690084,82184286,5,1,0,2920,8,130956,7,5,61.386
25200,168092.621,358597592,WR_IN,0,26142234241059864,82184287,5,1,0,2928,8,110256,7,5,51.683
25256,168250.082,358933508,WR_IN,0,26142234241395780,82184288,5,1,0,2936,8,131360,7,5,61.575
25312,168426.825,359310560,WR_IN,0,26142234241772832,82184289,5,1,0,2944,8,109592,7,5,51.371
25368,168591.450,359661760,WR_IN,0,26142234242124032,82184290,5,1,0,2952,8,130516,7,5,61.179
25424,168780.159,360064340,WR_IN,0,26142234242526612,82184291,5,1,0,2960,8,110204,7,5,51.658
25480,168939.816,360404940,WR_IN,0,26142234242867212,82184292,5,1,0,2968,8,131016,7,5,61.414
25536,169105.727,360758884,WR_IN,0,26142234243221156,82184293,5,1,0,2976,8,109628,7,5,51.388
25592,169274.522,361118980,WR_IN,0,26142234243581252,82184294,5,1,0,2984,8,130796,7,5,61.311
25648,169476.184,361549192,WR_IN,0,26142234244011464,82184295,5,1,0,2992,8,126488,7,5,59.291
25704,169640.914,361900616,WR_IN,0,26142234244362888,82184296,5,1,0,3000,8,296744,7,5,139.099
25760,169908.240,362470912,WR_IN,0,26142234244933184,82184297,5,1,0,3008,8,122984,7,5,57.649
25816,170070.804,362817716,WR_IN,0,26142234245279988,82184298,5,1,0,3016,8,134348,7,5,62.976
25872,170238.803,363176112,WR_IN,0,26142234245638384,82184299,5,1,0,3024,8,110812,7,5,51.943
25928,170415.240,363552512,WR_IN,0,26142234246014784,82184300,5,1,0,3032,8,131648,7,5,61.710
25984,170580.476,363905016,WR_IN,0,26142234246367288,82184301,5,1,0,3040,8,110420,7,5,51.759
26040,170737.271,364239512,WR_IN,0,26142234246701784,82184302,5,1,0,3048,8,131464,7,5,61.624
26096,170909.685,364607328,WR_IN,0,26142234247069600,82184303,5,1,0,3056,8,110340,7,5,51.722
26152,171078.816,364968140,WR_IN,0,26142234247430412,82184304,5,1,0,3064,8,131872,7,5,61.815
26208,171246.602,365326084,WR_IN,0,26142234247788356,82184305,5,1,0,3072,8,111608,7,5,52.316
26264,171403.665,365661152,WR_IN,0,26142234248123424,82184306,5,1,0,3080,8,131552,7,5,61.665
26320,171571.076,366018296,WR_IN,0,26142234248480568,82184307,5,1,0,3088,8,110196,7,5,51.654
26376,171729.274,366355784,WR_IN,0,26142234248818056,82184308,5,1,0,3096,8,131092,7,5,61.449
26432,171913.206,366748172,WR_IN,0,26142234249210444,82184309,5,1,0,3104,8,109772,7,5,51.456
26488,172071.461,367085784,WR_IN,0,26142234249548056,82184310,5,1,0,3112,8,131240,7,5,61.519
26544,172241.370,367448256,WR_IN,0,26142234249910528,82184311,5,1,0,3120,8,109900,7,5,51.516
26600,172400.683,367788124,WR_IN,0,26142234250250396,82184312,5,1,0,3128,8,130860,7,5,61.341
26656,172568.325,368145760,WR_IN,0,26142234250608032,82184313,5,1,0,3136,8,110224,7,5,51.668
26712,172744.344,368521268,WR_IN,0,26142234250983540,82184314,5,1,0,3144,8,131352,7,5,61.571
26768,172913.494,368882120,WR_IN,0,26142234251344392,82184315,5,1,0,3152,8,110160,7,5,51.638
26824,173074.294,369225160,WR_IN,0,26142234251687432,82184316,5,1,0,3160,8,131620,7,5,61.697
26880,173243.186,369585464,WR_IN,0,26142234252047736,82184317,5,1,0,3168,8,110036,7,5,51.579
26936,173411.199,369943892,WR_IN,0,26142234252406164,82184318,5,1,0,3176,8,131184,7,5,61.493
26992,173581.138,370306428,WR_IN,0,26142234252768700,82184319,5,1,0,3184,8,110156,7,5,51.636
27048,173744.721,370655404,WR_IN,0,26142234253117676,82184320,5,1,0,3192,8,130920,7,5,61.369
27104,173911.819,371011880,WR_IN,0,26142234253474152,82184321,5,1,0,3200,8,110580,7,5,51.834
27160,174070.764,371350964,WR_IN,0,26142234253813236,82184322,5,1,0,3208,8,130876,7,5,61.348
27216,174238.056,371707852,WR_IN,0,26142234254170124,82184323,5,1,0,3216,8,109924,7,5,51.527
27272,174396.555,372045984,WR_IN,0,26142234254508256,82184324,5,1,0,3224,8,131616,7,5,61.695
27328,174564.216,372403660,WR_IN,0,26142234254865932,82184325,5,1,0,3232,8,110244,7,5,51.677
27384,174735.855,372769824,WR_IN,0,26142234255232096,82184326,5,1,0,3240,8,130836,7,5,61.329
27440,174901.624,373123464,WR_IN,0,26142234255585736,82184327,5,1,0,3248,8,110688,7,5,51.885
27496,175057.641,373456300,WR_IN,0,26142234255918572,82184328,5,1,0,3256,8,131636,7,5,61.704
27552,175235.417,373835556,WR_IN,0,26142234256297828,82184329,5,1,0,3264,8,110412,7,5,51.756
27608,175393.393,374172572,WR_IN,0,26142234256634844,82184330,5,1,0,3272,8,131156,7,5,61.479
27664,175560.287,374528612,WR_IN,0,26142234256990884,82184331,5,1,0,3280,8,110300,7,5,51.703
27720,175719.887,374869092,WR_IN,0,26142234257331364,82184332,5,1,0,3288,8,131036,7,5,61.423
27776,175886.903,375225392,WR_IN,0,26142234257687664,82184333,5,1,0,3296,8,110420,7,5,51.759
27832,176056.564,375587336,WR_IN,0,26142234258049608,82184334,5,1,0,3304,8,131128,7,5,61.466
27888,176225.708,375948176,WR_IN,0,26142234258410448,82184335,5,1,0,3312,8,110240,7,5,51.675
27944,176381.884,376281352,WR_IN,0,26142234258743624,82184336,5,1,0,3320,8,131448,7,5,61.616
