#DUMP_OFFSET.I,ELAPSED_USECS.D,ELAPSED_TICKS.I,CMD.S,INFLIGHT_IOS.I,TS.I,SEQID.I,LUN_SSID.I,OP.I,PHASE.I,LBA.I,NBLKS.I,LATENCY_TICKS.I,HOST_ID.I,HOST_LUN.I,LATENCY_USECS.D
0,0.000,0,RD_IN,0,26147481099604712,82333288,5,0,0,1170210688,8,85396,7,5,40.029
56,88.916,189688,RD_IN,0,26147481099794400,82333289,5,0,0,1170210800,8,42452,7,5,19.899
112,190.984,407432,RD_IN,0,26147481100012144,82333290,5,0,0,0,8,42728,7,5,20.029
168,292.367,623716,RD_IN,0,26147481100228428,82333291,5,0,0,8,8,41024,7,5,19.230
224,393.788,840080,RD_IN,0,26147481100444792,82333292,5,0,0,1170210808,8,41128,7,5,19.279
280,492.090,1049792,RD_IN,0,26147481100654504,82333293,5,0,0,1170210552,8,41108,7,5,19.269
336,648.291,1383020,RD_IN,0,26147481100987732,82333294,5,0,0,1170210752,8,41400,7,5,19.406
392,748.639,1597096,RD_IN,0,26147481101201808,82333295,5,0,0,1170210560,8,41116,7,5,19.273
448,847.736,1808504,RD_IN,0,26147481101413216,82333296,5,0,0,1170210416,8,41344,7,5,19.380
504,937.808,2000656,RD_IN,0,26147481101605368,82333297,5,0,0,2048,8,41348,7,5,19.382
560,1024.086,2184716,RD_IN,0,26147481101789428,82333298,5,0,0,24,8,41108,7,5,19.269
616,1104.973,2357276,RD_IN,0,26147481101961988,82333299,5,0,0,56,8,40952,7,5,19.196
672,1182.915,2523552,RD_IN,0,26147481102128264,82333300,5,0,0,120,8,40700,7,5,19.078
728,1265.844,2700468,RD_IN,0,26147481102305180,82333301,5,0,0,16,8,40624,7,5,19.043
784,1343.966,2867128,RD_IN,0,26147481102471840,82333302,5,0,0,128,8,40428,7,5,18.951
840,1398.932,2984388,RD_IN,0,26147481102589100,82333303,5,0,0,64,8,40260,7,5,18.872
896,1454.807,3103588,RD_IN,0,26147481102708300,82333304,5,0,0,256,8,40748,7,5,19.101
952,1510.054,3221448,RD_IN,0,26147481102826160,82333305,5,0,0,264,8,40344,7,5,18.911
1008,1563.838,3336188,RD_IN,0,26147481102940900,82333306,5,0,0,272,8,40612,7,5,19.037
1064,1617.107,3449828,RD_IN,0,26147481103054540,82333307,5,0,0,280,8,41012,7,5,19.224
1120,1671.039,3564884,RD_IN,0,26147481103169596,82333308,5,0,0,288,8,40772,7,5,19.112
1176,1724.093,3678064,RD_IN,0,26147481103282776,82333309,5,0,0,296,8,40796,7,5,19.123
1232,1779.081,3795372,RD_IN,0,26147481103400084,82333310,5,0,0,304,8,40468,7,5,18.969
1288,1832.154,3908596,RD_IN,0,26147481103513308,82333311,5,0,0,312,8,40620,7,5,19.041
1344,1886.074,4023624,RD_IN,0,26147481103628336,82333312,5,0,0,320,8,40532,7,5,18.999
1400,1940.194,4139080,RD_IN,0,26147481103743792,82333313,5,0,0,328,8,40516,7,5,18.992
1456,1994.021,4253912,RD_IN,0,26147481103858624,82333314,5,0,0,336,8,40620,7,5,19.041
1512,2048.130,4369344,RD_IN,0,26147481103974056,82333315,5,0,0,344,8,40452,7,5,18.962
1568,2101.937,4484132,RD_IN,0,26147481104088844,82333316,5,0,0,352,8,40444,7,5,18.958
1624,2156.079,4599636,RD_IN,0,26147481104204348,82333317,5,0,0,360,8,40428,7,5,18.951
1680,2210.098,4714876,RD_IN,0,26147481104319588,82333318,5,0,0,368,8,40444,7,5,18.958
1736,2264.921,4831832,RD_IN,0,26147481104436544,82333319,5,0,0,376,8,40792,7,5,19.121
1792,2319.088,4947388,RD_IN,0,26147481104552100,82333320,5,0,0,384,8,40328,7,5,18.904
1848,2372.841,5062060,RD_IN,0,26147481104666772,82333321,5,0,0,392,8,40432,7,5,18.953
1904,2428.121,5179992,RD_IN,0,26147481104784704,82333322,5,0,0,400,8,40464,7,5,18.968
1960,2482.161,5295276,RD_IN,0,26147481104899988,82333323,5,0,0,408,8,40488,7,5,18.979
2016,2536.459,5411112,RD_IN,0,26147481105015824,82333324,5,0,0,416,8,40424,7,5,18.949
2072,2592.424,5530504,RD_IN,0,26147481105135216,82333325,5,0,0,424,8,40448,7,5,18.960
2128,2646.636,5646156,RD_IN,0,26147481105250868,82333326,5,0,0,432,8,40476,7,5,18.973
2184,2700.474,5761012,RD_IN,0,26147481105365724,82333327,5,0,0,440,8,40464,7,5,18.968
2240,2754.673,5876636,RD_IN,0,26147481105481348,82333328,5,0,0,448,8,40292,7,5,18.887
2296,2808.439,5991336,RD_IN,0,26147481105596048,82333329,5,0,0,456,8,40496,7,5,18.983
2352,2865.821,6113752,RD_IN,0,26147481105718464,82333330,5,0,0,464,8,40704,7,5,19.080
2408,2920.856,6231160,RD_IN,0,26147481105835872,82333331,5,0,0,472,8,40468,7,5,18.969
2464,2975.704,6348168,RD_IN,0,26147481105952880,82333332,5,0,0,480,8,40256,7,5,18.870
2520,3029.839,6463656,RD_IN,0,26147481106068368,82333333,5,0,0,488,8,40444,7,5,18.958
2576,3083.771,6578712,RD_IN,0,26147481106183424,82333334,5,0,0,496,8,40432,7,5,18.953
2632,3137.897,6694180,RD_IN,0,26147481106298892,82333335,5,0,0,504,8,40548,7,5,19.007
2688,3191.899,6809384,RD_IN,0,26147481106414096,82333336,5,0,0,768,8,40764,7,5,19.108
2744,3246.139,6925096,RD_IN,0,26147481106529808,82333337,5,0,0,776,8,40416,7,5,18.945
2800,3299.912,7039812,RD_IN,0,26147481106644524,82333338,5,0,0,784,8,40552,7,5,19.009
2856,3354.131,7155480,RD_IN,0,26147481106760192,82333339,5,0,0,792,8,40672,7,5,19.065
2912,3407.886,7270156,RD_IN,0,26147481106874868,82333340,5,0,0,800,8,40232,7,5,18.859
2968,3462.021,7385644,RD_IN,0,26147481106990356,82333341,5,0,0,808,8,40452,7,5,18.962
3024,3515.829,7500436,RD_IN,0,26147481107105148,82333342,5,0,0,816,8,40276,7,5,18.879
3080,3569.994,7615988,RD_IN,0,26147481107220700,82333343,5,0,0,824,8,40392,7,5,18.934
3136,3623.777,7730724,RD_IN,0,26147481107335436,82333344,5,0,0,832,8,40348,7,5,18.913
3192,3679.487,7849572,RD_IN,0,26147481107454284,82333345,5,0,0,840,8,40440,7,5,18.956
3248,3732.998,7963728,RD_IN,0,26147481107568440,82333346,5,0,0,848,8,40452,7,5,18.962
3304,3786.915,8078752,RD_IN,0,26147481107683464,82333347,5,0,0,856,8,40444,7,5,18.958
3360,3841.031,8194200,RD_IN,0,26147481107798912,82333348,5,0,0,864,8,40432,7,5,18.953
3416,3894.878,8309072,RD_IN,0,26147481107913784,82333349,5,0,0,872,8,40440,7,5,18.956
3472,3949.091,8424728,RD_IN,0,26147481108029440,82333350,5,0,0,880,8,40296,7,5,18.889
3528,4003.014,8539764,RD_IN,0,26147481108144476,82333351,5,0,0,888,8,40460,7,5,18.966
3584,4057.213,8655388,RD_IN,0,26147481108260100,82333352,5,0,0,896,8,40288,7,5,18.885
3640,4110.941,8770008,RD_IN,0,26147481108374720,82333353,5,0,0,904,8,40436,7,5,18.954
3696,4165.133,8885616,RD_IN,0,26147481108490328,82333354,5,0,0,912,8,40292,7,5,18.887
3752,4218.953,9000432,RD_IN,0,26147481108605144,82333355,5,0,0,920,8,40432,7,5,18.953
3808,4275.401,9120856,RD_IN,0,26147481108725568,82333356,5,0,0,928,8,40532,7,5,18.999
3864,4329.135,9235488,RD_IN,0,26147481108840200,82333357,5,0,0,936,8,40404,7,5,18.939
3920,4383.296,9351032,RD_IN,0,26147481108955744,82333358,5,0,0,944,8,40316,7,5,18.898
3976,4437.294,9466228,RD_IN,0,26147481109070940,82333359,5,0,0,952,8,40488,7,5,18.979
4032,4491.204,9581236,RD_IN,0,26147481109185948,82333360,5,0,0,960,8,40304,7,5,18.893
4088,4545.424,9696904,RD_IN,0,26147481109301616,82333361,5,0,0,968,8,40492,7,5,18.981
4144,4605.741,9825580,RD_IN,0,26147481109430292,82333362,5,0,0,976,8,40320,7,5,18.900
4200,4662.203,9946032,RD_IN,0,26147481109550744,82333363,5,0,0,984,8,40612,7,5,19.037
4256,4717.073,10063088,RD_IN,0,26147481109667800,82333364,5,0,0,992,8,40584,7,5,19.024
4312,4773.426,10183308,RD_IN,0,26147481109788020,82333365,5,0,0,1000,8,40464,7,5,18.968
4368,4827.349,10298344,RD_IN,0,26147481109903056,82333366,5,0,0,1008,8,40456,7,5,18.964
4424,4882.643,10416304,RD_IN,0,26147481110021016,82333367,5,0,0,1016,8,40440,7,5,18.956
4480,4941.878,10542672,RD_IN,0,26147481110147384,82333368,5,0,0,512,8,40328,7,5,18.904
4536,4998.793,10664092,RD_IN,0,26147481110268804,82333369,5,0,0,32,8,40300,7,5,18.891
4592,5059.568,10793744,RD_IN,0,26147481110398456,82333370,5,0,0,4096,8,40912,7,5,19.178
4648,7236.000,15436800,RD_IN,0,26147481115041512,82333372,5,0,0,0,8,42792,7,5,20.059
4704,103178.181,220113452,WR_IN,0,26147481319718164,82333374,5,1,0,0,8,17269372,7,5,8095.018
4732,103193.833,220146844,WR_IN,1,26147481319751556,82333375,5,1,0,8,8,17286732,7,5,8103.156
4816,111464.201,237790296,WR_IN,0,26147481337395008,82333378,5,1,0,16,8,131756,7,5,61.761
4844,111478.946,237821752,WR_IN,1,26147481337426464,82333379,5,1,0,24,8,147200,7,5,69.000
4928,111692.338,238276988,WR_IN,0,26147481337881700,82333380,5,1,0,32,8,113224,7,5,53.074
4956,111709.408,238313404,WR_IN,1,26147481337918116,82333381,5,1,0,40,8,124908,7,5,58.551
5040,111913.442,238748676,WR_IN,0,26147481338353388,82333382,5,1,0,48,8,113324,7,5,53.121
5068,111930.413,238784880,WR_IN,1,26147481338389592,82333383,5,1,0,56,8,125268,7,5,58.719
5152,112134.851,239221016,WR_IN,0,26147481338825728,82333384,5,1,0,64,8,114868,7,5,53.844
5180,112151.734,239257032,WR_IN,1,26147481338861744,82333385,5,1,0,72,8,127112,7,5,59.584
5264,112355.289,239691284,WR_IN,0,26147481339295996,82333386,5,1,0,80,8,99300,7,5,46.547
5292,112372.253,239727472,WR_IN,1,26147481339332184,82333387,5,1,0,88,8,129416,7,5,60.664
5376,112576.121,240162392,WR_IN,0,26147481339767104,82333388,5,1,0,96,8,99284,7,5,46.539
5404,112593.148,240198716,WR_IN,1,26147481339803428,82333389,5,1,0,104,8,129060,7,5,60.497
5488,112764.088,240563388,WR_IN,0,26147481340168100,82333390,5,1,0,112,8,149108,7,5,69.894
5516,112779.341,240595928,WR_IN,1,26147481340200640,82333391,5,1,0,120,8,163424,7,5,76.605
5600,112934.704,240927368,WR_IN,0,26147481340532080,82333392,5,1,0,128,8,236628,7,5,110.919
5628,112949.374,240958664,WR_IN,1,26147481340563376,82333393,5,1,0,136,8,253956,7,5,119.042
5712,113186.387,241464292,WR_IN,0,26147481341069004,82333394,5,1,0,144,8,317284,7,5,148.727
5740,113187.150,241465920,WR_IN,1,26147481341070632,82333395,5,1,0,152,8,484592,7,5,227.153
5824,113459.093,242046064,WR_IN,0,26147481341650776,82333396,5,1,0,160,8,137636,7,5,64.517
5852,113475.598,242081276,WR_IN,1,26147481341685988,82333397,5,1,0,168,8,149536,7,5,70.095
5936,113638.089,242427924,WR_IN,0,26147481342032636,82333398,5,1,0,176,8,113888,7,5,53.385
5964,113655.324,242464692,WR_IN,1,26147481342069404,82333399,5,1,0,184,8,125200,7,5,58.688
6048,113829.729,242836756,WR_IN,0,26147481342441468,82333400,5,1,0,192,8,135076,7,5,63.317
6076,113846.715,242872992,WR_IN,1,26147481342477704,82333401,5,1,0,200,8,145432,7,5,68.171
6160,114008.323,243217756,WR_IN,0,26147481342822468,82333402,5,1,0,208,8,106712,7,5,50.021
6188,114027.315,243258272,WR_IN,1,26147481342862984,82333403,5,1,0,216,8,132800,7,5,62.250
6272,114190.671,243606764,WR_IN,0,26147481343211476,82333404,5,1,0,224,8,112688,7,5,52.823
6300,114207.548,243642768,WR_IN,1,26147481343247480,82333405,5,1,0,232,8,124852,7,5,58.524
6384,114369.902,243989124,WR_IN,0,26147481343593836,82333406,5,1,0,240,8,112544,7,5,52.755
6412,114386.811,244025196,WR_IN,1,26147481343629908,82333407,5,1,0,248,8,124724,7,5,58.464
6496,114546.053,244364912,WR_IN,0,26147481343969624,82333408,5,1,0,256,8,112772,7,5,52.862
6524,114562.961,244400984,WR_IN,1,26147481344005696,82333409,5,1,0,264,8,124908,7,5,58.551
6608,114727.648,244752316,WR_IN,0,26147481344357028,82333410,5,1,0,272,8,99012,7,5,46.412
6636,114744.613,244788508,WR_IN,1,26147481344393220,82333411,5,1,0,280,8,128640,7,5,60.300
6720,114906.623,245134128,WR_IN,0,26147481344738840,82333412,5,1,0,288,8,135668,7,5,63.594
6748,114923.903,245170992,WR_IN,1,26147481344775704,82333413,5,1,0,296,8,145208,7,5,68.066
6832,115085.591,245515928,WR_IN,0,26147481345120640,82333414,5,1,0,304,8,112604,7,5,52.783
6860,115102.613,245552240,WR_IN,1,26147481345156952,82333415,5,1,0,312,8,124472,7,5,58.346
6944,115264.883,245898416,WR_IN,0,26147481345503128,82333416,5,1,0,320,8,101776,7,5,47.708
6972,115282.123,245935196,WR_IN,1,26147481345539908,82333417,5,1,0,328,8,131132,7,5,61.468
7056,115446.444,246285748,WR_IN,0,26147481345890460,82333418,5,1,0,336,8,99188,7,5,46.494
7084,115463.391,246321900,WR_IN,1,26147481345926612,82333419,5,1,0,344,8,129012,7,5,60.474
7168,115625.449,246667624,WR_IN,0,26147481346272336,82333420,5,1,0,352,8,100812,7,5,47.256
7196,115642.399,246703784,WR_IN,1,26147481346308496,82333421,5,1,0,360,8,130404,7,5,61.127
7280,115802.501,247045336,WR_IN,0,26147481346650048,82333422,5,1,0,368,8,114872,7,5,53.846
7308,115819.468,247081532,WR_IN,1,26147481346686244,82333423,5,1,0,376,8,127068,7,5,59.563
7392,115988.479,247442088,WR_IN,0,26147481347046800,82333424,5,1,0,384,8,99444,7,5,46.614
7420,116005.658,247478736,WR_IN,1,26147481347083448,82333425,5,1,0,392,8,128584,7,5,60.274
7504,116170.566,247830540,WR_IN,0,26147481347435252,82333426,5,1,0,400,8,99236,7,5,46.517
7532,116187.566,247866808,WR_IN,1,26147481347471520,82333427,5,1,0,408,8,128996,7,5,60.467
7616,116344.637,248201892,WR_IN,0,26147481347806604,82333428,5,1,0,416,8,104828,7,5,49.138
7644,116363.417,248241956,WR_IN,1,26147481347846668,82333429,5,1,0,424,8,130828,7,5,61.326
7728,116523.570,248583616,WR_IN,0,26147481348188328,82333430,5,1,0,432,8,98972,7,5,46.393
7756,116540.507,248619748,WR_IN,1,26147481348224460,82333431,5,1,0,440,8,128320,7,5,60.150
7840,116682.516,248922700,WR_IN,0,26147481348527412,82333432,5,1,0,448,8,124136,7,5,58.189
7868,116695.571,248950552,WR_IN,1,26147481348555264,82333433,5,1,0,456,8,142644,7,5,66.864
7952,116858.207,249297508,WR_IN,0,26147481348902220,82333434,5,1,0,464,8,99208,7,5,46.504
7980,116875.170,249333696,WR_IN,1,26147481348938408,82333435,5,1,0,472,8,128964,7,5,60.452
8064,117037.277,249679524,WR_IN,0,26147481349284236,82333436,5,1,0,480,8,99532,7,5,46.656
8092,117054.399,249716052,WR_IN,1,26147481349320764,82333437,5,1,0,488,8,129224,7,5,60.574
8176,117197.351,250021016,WR_IN,0,26147481349625728,82333438,5,1,0,496,8,98900,7,5,46.359
8204,117214.202,250056964,WR_IN,1,26147481349661676,82333439,5,1,0,504,8,129236,7,5,60.579
8288,117377.319,250404948,WR_IN,0,26147481350009660,82333440,5,1,0,512,8,102872,7,5,48.221
8316,117394.335,250441248,WR_IN,1,26147481350045960,82333441,5,1,0,520,8,132244,7,5,61.989
8400,117537.536,250746744,WR_IN,0,26147481350351456,82333442,5,1,0,528,8,98796,7,5,46.311
8428,117554.520,250782976,WR_IN,1,26147481350387688,82333443,5,1,0,536,8,128476,7,5,60.223
8512,117715.348,251126076,WR_IN,0,26147481350730788,82333444,5,1,0,544,8,113088,7,5,53.010
8540,117732.360,251162368,WR_IN,1,26147481350767080,82333445,5,1,0,552,8,125184,7,5,58.680
8624,117893.852,251506884,WR_IN,0,26147481351111596,82333446,5,1,0,560,8,124140,7,5,58.191
8652,117906.611,251534104,WR_IN,1,26147481351138816,82333447,5,1,0,568,8,143232,7,5,67.140
8736,118076.456,251896440,WR_IN,0,26147481351501152,82333448,5,1,0,576,8,123348,7,5,57.819
8764,118089.191,251923608,WR_IN,1,26147481351528320,82333449,5,1,0,584,8,142344,7,5,66.724
8848,118247.678,252261712,WR_IN,0,26147481351866424,82333450,5,1,0,592,8,114432,7,5,53.640
8876,118264.511,252297624,WR_IN,1,26147481351902336,82333451,5,1,0,600,8,126684,7,5,59.383
8960,118429.894,252650440,WR_IN,0,26147481352255152,82333452,5,1,0,608,8,114556,7,5,53.698
8988,118446.726,252686348,WR_IN,1,26147481352291060,82333453,5,1,0,616,8,127056,7,5,59.558
9072,118609.028,253032592,WR_IN,0,26147481352637304,82333454,5,1,0,624,8,112640,7,5,52.800
9100,118625.927,253068644,WR_IN,1,26147481352673356,82333455,5,1,0,632,8,124612,7,5,58.412
9184,118786.097,253410340,WR_IN,0,26147481353015052,82333456,5,1,0,640,8,98468,7,5,46.157
9212,118802.978,253446352,WR_IN,1,26147481353051064,82333457,5,1,0,648,8,128252,7,5,60.118
9296,118966.997,253796260,WR_IN,0,26147481353400972,82333458,5,1,0,656,8,100308,7,5,47.019
9324,118984.016,253832568,WR_IN,1,26147481353437280,82333459,5,1,0,664,8,130048,7,5,60.960
9408,119146.082,254178308,WR_IN,0,26147481353783020,82333460,5,1,0,672,8,112460,7,5,52.716
9436,119163.107,254214628,WR_IN,1,26147481353819340,82333461,5,1,0,680,8,124780,7,5,58.491
9520,119326.296,254562764,WR_IN,0,26147481354167476,82333462,5,1,0,688,8,98844,7,5,46.333
9548,119343.338,254599120,WR_IN,1,26147481354203832,82333463,5,1,0,696,8,128452,7,5,60.212
9632,119504.256,254942412,WR_IN,0,26147481354547124,82333464,5,1,0,704,8,100944,7,5,47.318
9660,119521.119,254978388,WR_IN,1,26147481354583100,82333465,5,1,0,712,8,130900,7,5,61.359
9744,119686.024,255330184,WR_IN,0,26147481354934896,82333466,5,1,0,720,8,98596,7,5,46.217
9772,119702.858,255366096,WR_IN,1,26147481354970808,82333467,5,1,0,728,8,128516,7,5,60.242
9856,119865.836,255713784,WR_IN,0,26147481355318496,82333468,5,1,0,736,8,123560,7,5,57.919
9884,119878.678,255741180,WR_IN,1,26147481355345892,82333469,5,1,0,744,8,142560,7,5,66.825
9968,120037.776,256080588,WR_IN,0,26147481355685300,82333470,5,1,0,752,8,99172,7,5,46.487
9996,120054.761,256116824,WR_IN,1,26147481355721536,82333471,5,1,0,760,8,128908,7,5,60.426
10080,120199.084,256424712,WR_IN,0,26147481356029424,82333472,5,1,0,768,8,113340,7,5,53.128
10108,120216.073,256460956,WR_IN,1,26147481356065668,82333473,5,1,0,776,8,125460,7,5,58.809
10192,120378.349,256807144,WR_IN,0,26147481356411856,82333474,5,1,0,784,8,112648,7,5,52.804
10220,120395.291,256843288,WR_IN,1,26147481356448000,82333475,5,1,0,792,8,124804,7,5,58.502
10304,120556.433,257187056,WR_IN,0,26147481356791768,82333476,5,1,0,800,8,102144,7,5,47.880
10332,120573.334,257223112,WR_IN,1,26147481356827824,82333477,5,1,0,808,8,132120,7,5,61.931
10416,120737.599,257573544,WR_IN,0,26147481357178256,82333478,5,1,0,816,8,98848,7,5,46.335
10444,120754.607,257609828,WR_IN,1,26147481357214540,82333479,5,1,0,824,8,128444,7,5,60.208
10528,120916.613,257955440,WR_IN,0,26147481357560152,82333480,5,1,0,832,8,98804,7,5,46.314
10556,120933.598,257991676,WR_IN,1,26147481357596388,82333481,5,1,0,840,8,128476,7,5,60.223
10640,121094.033,258333936,WR_IN,0,26147481357938648,82333482,5,1,0,848,8,103916,7,5,48.711
10668,121111.763,258371760,WR_IN,1,26147481357976472,82333483,5,1,0,856,8,142684,7,5,66.883
10752,121272.887,258715492,WR_IN,0,26147481358320204,82333484,5,1,0,864,8,114596,7,5,53.717
10780,121289.794,258751560,WR_IN,1,26147481358356272,82333485,5,1,0,872,8,126796,7,5,59.436
10864,121453.011,259099756,WR_IN,0,26147481358704468,82333486,5,1,0,880,8,100516,7,5,47.117
10892,121470.143,259136304,WR_IN,1,26147481358741016,82333487,5,1,0,888,8,129668,7,5,60.782
10976,121629.893,259477104,WR_IN,0,26147481359081816,82333488,5,1,0,896,8,113324,7,5,53.121
11004,121646.769,259513108,WR_IN,1,26147481359117820,82333489,5,1,0,904,8,125364,7,5,58.764
11088,121790.359,259819432,WR_IN,0,26147481359424144,82333490,5,1,0,912,8,100788,7,5,47.244
11116,121807.215,259855392,WR_IN,1,26147481359460104,82333491,5,1,0,920,8,130304,7,5,61.080
