#DUMP_OFFSET.I,ELAPSED_USECS.D,ELAPSED_TICKS.I,CMD.S,INFLIGHT_IOS.I,TS.I,SEQID.I,LUN_SSID.I,OP.I,PHASE.I,LBA.I,NBLKS.I,LATENCY_TICKS.I,HOST_ID.I,HOST_LUN.I,LATENCY_USECS.D
4096,0.000,0,WR_IN,0,2089370881576776,239482389,0,1,0,0,8,24696040,6,5,11576.269
4124,26.541,56620,WR_IN,1,2089370881633396,239482390,0,1,0,8,8,24657220,6,5,11558.072
4152,27.349,58344,WR_IN,2,2089370881635120,239482391,0,1,0,16,8,19398884,6,5,9093.227
4180,28.007,59748,WR_IN,3,2089370881636524,239482392,0,1,0,24,8,19533088,6,5,9156.135
4208,28.594,61000,WR_IN,4,2089370881637776,239482393,0,1,0,32,8,19429268,6,5,9107.469
4236,29.222,62340,WR_IN,5,2089370881639116,239482394,0,1,0,40,8,19531308,6,5,9155.301
4264,29.724,63412,WR_IN,6,2089370881640188,239482395,0,1,0,48,8,19442076,6,5,9113.473
4292,49.543,105692,WR_IN,7,2089370881682468,239482396,0,1,0,56,8,19537120,6,5,9158.025
4320,51.294,109428,WR_IN,8,2089370881686204,239482397,0,1,0,64,8,19435256,6,5,9110.276
4348,8412.439,17946536,WR_IN,9,2089370899523312,239482400,0,1,0,72,8,11187372,6,5,5244.081
4376,8413.502,17948804,WR_IN,10,2089370899525580,239482401,0,1,0,80,8,10837516,6,5,5080.086
4404,8414.199,17950292,WR_IN,11,2089370899527068,239482402,0,1,0,88,8,11184128,6,5,5242.560
4432,8414.766,17951500,WR_IN,12,2089370899528276,239482403,0,1,0,96,8,10836596,6,5,5079.654
4460,8415.321,17952684,WR_IN,13,2089370899529460,239482404,0,1,0,104,8,11182456,6,5,5241.776
4488,8415.990,17954112,WR_IN,14,2089370899530888,239482405,0,1,0,112,8,10834748,6,5,5078.788
4516,8416.526,17955256,WR_IN,15,2089370899532032,239482406,0,1,0,120,8,11181152,6,5,5241.165
4544,8417.224,17956744,WR_IN,16,2089370899533520,239482407,0,1,0,128,8,10832860,6,5,5077.903
4572,8417.955,17958304,WR_IN,17,2089370899535080,239482408,0,1,0,136,8,11179088,6,5,5240.198
4600,8418.611,17959704,WR_IN,18,2089370899536480,239482409,0,1,0,144,8,10830656,6,5,5076.870
4628,8419.262,17961092,WR_IN,19,2089370899537868,239482410,0,1,0,152,8,11177020,6,5,5239.228
4656,8419.791,17962220,WR_IN,20,2089370899538996,239482411,0,1,0,160,8,10828916,6,5,5076.054
4684,8420.288,17963280,WR_IN,21,2089370899540056,239482412,0,1,0,168,8,11175576,6,5,5238.551
4712,8420.801,17964376,WR_IN,22,2089370899541152,239482413,0,1,0,176,8,10827508,6,5,5075.394
4740,8421.339,17965524,WR_IN,23,2089370899542300,239482414,0,1,0,184,8,11174056,6,5,5237.839
4768,8421.844,17966600,WR_IN,24,2089370899543376,239482415,0,1,0,192,8,10826592,6,5,5074.965
4796,8422.358,17967696,WR_IN,25,2089370899544472,239482416,0,1,0,200,8,11173144,6,5,5237.411
4824,8422.896,17968844,WR_IN,26,2089370899545620,239482417,0,1,0,208,8,10825192,6,5,5074.309
4852,8423.406,17969932,WR_IN,27,2089370899546708,239482418,0,1,0,216,8,11171680,6,5,5236.725
4880,8423.944,17971080,WR_IN,28,2089370899547856,239482419,0,1,0,224,8,10823700,6,5,5073.609
4908,8424.444,17972148,WR_IN,29,2089370899548924,239482420,0,1,0,232,8,11170220,6,5,5236.041
4936,8424.988,17973308,WR_IN,30,2089370899550084,239482421,0,1,0,240,8,10822224,6,5,5072.918
4964,8425.491,17974380,WR_IN,31,2089370899551156,239482422,0,1,0,248,8,11169312,6,5,5235.615
4992,8426.001,17975468,WR_IN,32,2089370899552244,239482423,0,1,0,256,8,11157172,6,5,5229.924
5020,8426.501,17976536,WR_IN,33,2089370899553312,239482424,0,1,0,264,8,11193636,6,5,5247.017
5048,8427.002,17977604,WR_IN,34,2089370899554380,239482425,0,1,0,272,8,11166896,6,5,5234.483
5076,8427.553,17978780,WR_IN,35,2089370899555556,239482426,0,1,0,280,8,11192120,6,5,5246.306
5104,8428.089,17979924,WR_IN,36,2089370899556700,239482427,0,1,0,288,8,11165380,6,5,5233.772
5132,8428.648,17981116,WR_IN,37,2089370899557892,239482428,0,1,0,296,8,11190532,6,5,5245.562
5160,8429.190,17982272,WR_IN,38,2089370899559048,239482429,0,1,0,304,8,11163752,6,5,5233.009
5188,8429.743,17983452,WR_IN,39,2089370899560228,239482430,0,1,0,312,8,11188928,6,5,5244.810
5216,8430.283,17984604,WR_IN,40,2089370899561380,239482431,0,1,0,320,8,11173824,6,5,5237.730
5244,8430.793,17985692,WR_IN,41,2089370899562468,239482432,0,1,0,328,8,11187444,6,5,5244.114
5272,8431.301,17986776,WR_IN,42,2089370899563552,239482433,0,1,0,336,8,11172456,6,5,5237.089
5300,8431.811,17987864,WR_IN,43,2089370899564640,239482434,0,1,0,344,8,11193100,6,5,5246.766
5328,8432.359,17989032,WR_IN,44,2089370899565808,239482435,0,1,0,352,8,11170952,6,5,5236.384
5356,8432.814,17990004,WR_IN,45,2089370899566780,239482436,0,1,0,360,8,11192680,6,5,5246.569
5384,8433.353,17991152,WR_IN,46,2089370899567928,239482437,0,1,0,368,8,11170040,6,5,5235.956
5412,8433.864,17992244,WR_IN,47,2089370899569020,239482438,0,1,0,376,8,11191224,6,5,5245.886
5440,8434.388,17993360,WR_IN,48,2089370899570136,239482439,0,1,0,384,8,11168604,6,5,5235.283
5468,8434.883,17994416,WR_IN,49,2089370899571192,239482440,0,1,0,392,8,11189780,6,5,5245.209
5496,8435.432,17995588,WR_IN,50,2089370899572364,239482441,0,1,0,400,8,11167192,6,5,5234.621
5524,8435.940,17996672,WR_IN,51,2089370899573448,239482442,0,1,0,408,8,11188272,6,5,5244.503
5552,8436.450,17997760,WR_IN,52,2089370899574536,239482443,0,1,0,416,8,11165820,6,5,5233.978
5580,8436.990,17998912,WR_IN,53,2089370899575688,239482444,0,1,0,424,8,11186780,6,5,5243.803
5608,8437.564,18000136,WR_IN,54,2089370899576912,239482445,0,1,0,432,8,11164220,6,5,5233.228
5636,8438.063,18001200,WR_IN,55,2089370899577976,239482446,0,1,0,440,8,11185216,6,5,5243.070
5664,8438.561,18002264,WR_IN,56,2089370899579040,239482447,0,1,0,448,8,11162864,6,5,5232.593
5692,8439.094,18003400,WR_IN,57,2089370899580176,239482448,0,1,0,456,8,11183756,6,5,5242.386
5720,8439.609,18004500,WR_IN,58,2089370899581276,239482449,0,1,0,464,8,11161368,6,5,5231.891
5748,8440.149,18005652,WR_IN,59,2089370899582428,239482450,0,1,0,472,8,11182272,6,5,5241.690
5776,8440.691,18006808,WR_IN,60,2089370899583584,239482451,0,1,0,480,8,11159820,6,5,5231.166
5804,8441.209,18007912,WR_IN,61,2089370899584688,239482452,0,1,0,488,8,11183816,6,5,5242.414
5832,8441.734,18009032,WR_IN,62,2089370899585808,239482453,0,1,0,496,8,11183460,6,5,5242.247
5860,8442.249,18010132,WR_IN,63,2089370899586908,239482454,0,1,0,504,8,11157780,6,5,5230.209
5888,8442.773,18011248,WR_IN,64,2089370899588024,239482455,0,1,0,512,8,11157452,6,5,5230.056
5916,8443.275,18012320,WR_IN,65,2089370899589096,239482456,0,1,0,520,8,11180912,6,5,5241.053
5944,8443.806,18013452,WR_IN,66,2089370899590228,239482457,0,1,0,528,8,11155992,6,5,5229.371
5972,8444.321,18014552,WR_IN,67,2089370899591328,239482458,0,1,0,536,8,11191180,6,5,5245.866
6000,8444.927,18015844,WR_IN,68,2089370899592620,239482459,0,1,0,544,8,11178136,6,5,5239.751
6028,8445.439,18016936,WR_IN,69,2089370899593712,239482460,0,1,0,552,8,11189520,6,5,5245.088
6056,8445.981,18018092,WR_IN,70,2089370899594868,239482461,0,1,0,560,8,11189232,6,5,5244.953
6084,8446.496,18019192,WR_IN,71,2089370899595968,239482462,0,1,0,568,8,11175584,6,5,5238.555
6112,8447.085,18020448,WR_IN,72,2089370899597224,239482463,0,1,0,576,8,11175148,6,5,5238.351
6140,8447.625,18021600,WR_IN,73,2089370899598376,239482464,0,1,0,584,8,11186920,6,5,5243.869
6168,8448.135,18022688,WR_IN,74,2089370899599464,239482465,0,1,0,592,8,11173704,6,5,5237.674
6196,8448.641,18023768,WR_IN,75,2089370899600544,239482466,0,1,0,600,8,11185528,6,5,5243.216
6224,8449.170,18024896,WR_IN,76,2089370899601672,239482467,0,1,0,608,8,11172236,6,5,5236.986
6252,8449.684,18025992,WR_IN,77,2089370899602768,239482468,0,1,0,616,8,11184044,6,5,5242.521
6280,8450.177,18027044,WR_IN,78,2089370899603820,239482469,0,1,0,624,8,11171364,6,5,5236.577
6308,8450.704,18028168,WR_IN,79,2089370899604944,239482470,0,1,0,632,8,11182592,6,5,5241.840
6336,8451.240,18029312,WR_IN,80,2089370899606088,239482471,0,1,0,640,8,11169904,6,5,5235.893
6364,8451.744,18030388,WR_IN,81,2089370899607164,239482472,0,1,0,648,8,11181084,6,5,5241.133
6392,8452.281,18031532,WR_IN,82,2089370899608308,239482473,0,1,0,656,8,11168480,6,5,5235.225
6420,8452.817,18032676,WR_IN,83,2089370899609452,239482474,0,1,0,664,8,11179516,6,5,5240.398
6448,8453.327,18033764,WR_IN,84,2089370899610540,239482475,0,1,0,672,8,11167004,6,5,5234.533
6476,8453.859,18034900,WR_IN,85,2089370899611676,239482476,0,1,0,680,8,11178016,6,5,5239.695
6504,8454.386,18036024,WR_IN,86,2089370899612800,239482477,0,1,0,688,8,11165896,6,5,5234.014
6532,8454.936,18037196,WR_IN,87,2089370899613972,239482478,0,1,0,696,8,11176476,6,5,5238.973
6560,8455.448,18038288,WR_IN,88,2089370899615064,239482479,0,1,0,704,8,11176572,6,5,5239.018
6588,8455.965,18039392,WR_IN,89,2089370899616168,239482480,0,1,0,712,8,11163328,6,5,5232.810
6616,8456.518,18040572,WR_IN,90,2089370899617348,239482481,0,1,0,720,8,11162904,6,5,5232.611
6644,8457.069,18041748,WR_IN,91,2089370899618524,239482482,0,1,0,728,8,11173864,6,5,5237.749
6672,8457.630,18042944,WR_IN,92,2089370899619720,239482483,0,1,0,736,8,11161300,6,5,5231.859
6700,8458.133,18044016,WR_IN,93,2089370899620792,239482484,0,1,0,744,8,11172328,6,5,5237.029
6728,8458.669,18045160,WR_IN,94,2089370899621936,239482485,0,1,0,752,8,11159820,6,5,5231.166
6756,8459.220,18046336,WR_IN,95,2089370899623112,239482486,0,1,0,760,8,11170724,6,5,5236.277
6784,8459.781,18047532,WR_IN,96,2089370899624308,239482487,0,1,0,768,8,11170260,6,5,5236.059
6812,8460.281,18048600,WR_IN,97,2089370899625376,239482488,0,1,0,776,8,11179272,6,5,5240.284
6840,8460.791,18049688,WR_IN,98,2089370899626464,239482489,0,1,0,784,8,11168840,6,5,5235.394
6868,8461.344,18050868,WR_IN,99,2089370899627644,239482490,0,1,0,792,8,11177756,6,5,5239.573
6896,8461.903,18052060,WR_IN,100,2089370899628836,239482491,0,1,0,800,8,11167308,6,5,5234.676
6924,8462.424,18053172,WR_IN,101,2089370899629948,239482492,0,1,0,808,8,11176188,6,5,5238.838
6952,8462.934,18054260,WR_IN,102,2089370899631036,239482493,0,1,0,816,8,11166292,6,5,5234.199
6980,8463.443,18055344,WR_IN,103,2089370899632120,239482494,0,1,0,824,8,11174740,6,5,5238.159
7008,8463.941,18056408,WR_IN,104,2089370899633184,239482495,0,1,0,832,8,11164920,6,5,5233.556
7036,8464.493,18057584,WR_IN,105,2089370899634360,239482496,0,1,0,840,8,11173256,6,5,5237.464
7064,8465.042,18058756,WR_IN,106,2089370899635532,239482497,0,1,0,848,8,11172816,6,5,5237.258
7092,8465.528,18059792,WR_IN,107,2089370899636568,239482498,0,1,0,856,8,11162280,6,5,5232.319
7120,8465.998,18060796,WR_IN,108,2089370899637572,239482499,0,1,0,864,8,11162084,6,5,5232.227
7148,8466.519,18061908,WR_IN,109,2089370899638684,239482500,0,1,0,872,8,11170404,6,5,5236.127
7176,8467.029,18062996,WR_IN,110,2089370899639772,239482501,0,1,0,880,8,11160616,6,5,5231.539
7204,8467.532,18064068,WR_IN,111,2089370899640844,239482502,0,1,0,888,8,11169460,6,5,5235.684
7232,8468.033,18065136,WR_IN,112,2089370899641912,239482503,0,1,0,896,8,11159256,6,5,5230.901
7260,8468.569,18066280,WR_IN,113,2089370899643056,239482504,0,1,0,904,8,11168052,6,5,5235.024
7288,8469.051,18067308,WR_IN,114,2089370899644084,239482505,0,1,0,912,8,11157828,6,5,5230.232
7316,8469.559,18068392,WR_IN,115,2089370899645168,239482506,0,1,0,920,8,11166708,6,5,5234.394
7344,8470.082,18069508,WR_IN,116,2089370899646284,239482507,0,1,0,928,8,11156380,6,5,5229.553
7372,8470.635,18070688,WR_IN,117,2089370899647464,239482508,0,1,0,936,8,11165124,6,5,5233.652
7400,8471.130,18071744,WR_IN,118,2089370899648520,239482509,0,1,0,944,8,11155344,6,5,5229.068
7428,8471.666,18072888,WR_IN,119,2089370899649664,239482510,0,1,0,952,8,11163640,6,5,5232.956
7456,8472.184,18073992,WR_IN,120,2089370899650768,239482511,0,1,0,960,8,11163280,6,5,5232.788
7484,8472.692,18075076,WR_IN,121,2089370899651852,239482512,0,1,0,968,8,11532432,6,5,5405.828
7512,8473.224,18076212,WR_IN,122,2089370899652988,239482513,0,1,0,976,8,11161800,6,5,5232.094
7540,8473.733,18077296,WR_IN,123,2089370899654072,239482514,0,1,0,984,8,11530968,6,5,5405.141
7568,8474.265,18078432,WR_IN,124,2089370899655208,239482515,0,1,0,992,8,11530604,6,5,5404.971
7596,8474.771,18079512,WR_IN,125,2089370899656288,239482516,0,1,0,1000,8,11159276,6,5,5230.911
7624,8491.498,18115196,WR_IN,126,2089370899691972,239482519,0,1,0,1008,8,11124384,6,5,5214.555
7652,8492.089,18116456,WR_IN,127,2089370899693232,239482520,0,1,0,1016,8,11493364,6,5,5387.514
7680,8492.983,18118364,WR_IN,128,2089370899695140,239482521,0,1,0,1024,8,11121892,6,5,5213.387
7708,8493.859,18120232,WR_IN,129,2089370899697008,239482522,0,1,0,1032,8,11490320,6,5,5386.088
7736,8494.826,18122296,WR_IN,130,2089370899699072,239482523,0,1,0,1040,8,11118700,6,5,5211.891
7764,8495.698,18124156,WR_IN,131,2089370899700932,239482524,0,1,0,1048,8,11487596,6,5,5384.811
7792,8496.600,18126080,WR_IN,132,2089370899702856,239482525,0,1,0,1056,8,11115668,6,5,5210.469
7820,8497.401,18127788,WR_IN,133,2089370899704564,239482526,0,1,0,1064,8,11484752,6,5,5383.478
7848,8498.394,18129908,WR_IN,134,2089370899706684,239482527,0,1,0,1072,8,11472340,6,5,5377.659
7876,8499.212,18131652,WR_IN,135,2089370899708428,239482528,0,1,0,1080,8,11483600,6,5,5382.938
7904,8500.082,18133508,WR_IN,136,2089370899710284,239482529,0,1,0,1088,8,11470144,6,5,5376.630
7932,8500.851,18135148,WR_IN,137,2089370899711924,239482530,0,1,0,1096,8,11482436,6,5,5382.392
7960,8501.781,18137132,WR_IN,138,2089370899713908,239482531,0,1,0,1104,8,11467308,6,5,5375.301
7988,8502.699,18139092,WR_IN,139,2089370899715868,239482532,0,1,0,1112,8,11479312,6,5,5380.928
8016,8504.053,18141980,WR_IN,140,2089370899718756,239482533,0,1,0,1120,8,11463240,6,5,5373.394
8044,8504.906,18143800,WR_IN,141,2089370899720576,239482534,0,1,0,1128,8,11476804,6,5,5379.752
8072,8505.806,18145720,WR_IN,142,2089370899722496,239482535,0,1,0,1136,8,11487004,6,5,5384.533
8100,8506.644,18147508,WR_IN,143,2089370899724284,239482536,0,1,0,1144,8,11458552,6,5,5371.196
8128,8507.606,18149560,WR_IN,144,2089370899726336,239482537,0,1,0,1152,8,11484148,6,5,5383.194
8156,8508.510,18151488,WR_IN,145,2089370899728264,239482538,0,1,0,1160,8,11495228,6,5,5388.388
8184,8509.309,18153192,WR_IN,146,2089370899729968,239482539,0,1,0,1168,8,11481820,6,5,5382.103
8212,8510.138,18154960,WR_IN,147,2089370899731736,239482540,0,1,0,1176,8,11500788,6,5,5390.994
8240,8510.940,18156672,WR_IN,148,2089370899733448,239482541,0,1,0,1184,8,11480060,6,5,5381.278
8268,8511.476,18157816,WR_IN,149,2089370899734592,239482542,0,1,0,1192,8,11498720,6,5,5390.025
8296,8511.992,18158916,WR_IN,150,2089370899735692,239482543,0,1,0,1200,8,11478680,6,5,5380.631
8324,8512.496,18159992,WR_IN,151,2089370899736768,239482544,0,1,0,1208,8,11497344,6,5,5389.380
8352,8513.031,18161132,WR_IN,152,2089370899737908,239482545,0,1,0,1216,8,11477248,6,5,5379.960
8380,8513.582,18162308,WR_IN,153,2089370899739084,239482546,0,1,0,1224,8,11496692,6,5,5389.074
8408,8514.066,18163340,WR_IN,154,2089370899740116,239482547,0,1,0,1232,8,11477164,6,5,5379.921
8436,8514.548,18164368,WR_IN,155,2089370899741144,239482548,0,1,0,1240,8,11495448,6,5,5388.491
8464,8515.052,18165444,WR_IN,156,2089370899742220,239482549,0,1,0,1248,8,11475872,6,5,5379.315
8492,8515.560,18166528,WR_IN,157,2089370899743304,239482550,0,1,0,1256,8,11494060,6,5,5387.841
8520,8516.079,18167636,WR_IN,158,2089370899744412,239482551,0,1,0,1264,8,11474504,6,5,5378.674
8548,8516.578,18168700,WR_IN,159,2089370899745476,239482552,0,1,0,1272,8,11493948,6,5,5387.788
8576,8517.109,18169832,WR_IN,160,2089370899746608,239482553,0,1,0,1280,8,11473072,6,5,5378.003
8604,8517.641,18170968,WR_IN,161,2089370899747744,239482554,0,1,0,1288,8,11492456,6,5,5387.089
8632,8518.187,18172132,WR_IN,162,2089370899748908,239482555,0,1,0,1296,8,11473024,6,5,5377.980
8660,8518.718,18173264,WR_IN,163,2089370899750040,239482556,0,1,0,1304,8,11492408,6,5,5387.066
8688,8519.259,18174420,WR_IN,164,2089370899751196,239482557,0,1,0,1312,8,11471536,6,5,5377.283
8716,8519.768,18175504,WR_IN,165,2089370899752280,239482558,0,1,0,1320,8,11490952,6,5,5386.384
8744,8520.330,18176704,WR_IN,166,2089370899753480,239482559,0,1,0,1328,8,11491356,6,5,5386.573
8772,8520.846,18177804,WR_IN,167,2089370899754580,239482560,0,1,0,1336,8,11504160,6,5,5392.575
8800,8521.386,18178956,WR_IN,168,2089370899755732,239482561,0,1,0,1344,8,11489892,6,5,5385.887
8828,8521.886,18180024,WR_IN,169,2089370899756800,239482562,0,1,0,1352,8,11502632,6,5,5391.859
8856,8522.430,18181184,WR_IN,170,2089370899757960,239482563,0,1,0,1360,8,11489316,6,5,5385.617
8884,8522.919,18182228,WR_IN,171,2089370899759004,239482564,0,1,0,1368,8,11501132,6,5,5391.156
8912,8523.463,18183388,WR_IN,172,2089370899760164,239482565,0,1,0,1376,8,11491136,6,5,5386.470
8940,8523.971,18184472,WR_IN,173,2089370899761248,239482566,0,1,0,1384,8,11499608,6,5,5390.441
8968,8524.521,18185644,WR_IN,174,2089370899762420,239482567,0,1,0,1392,8,11489696,6,5,5385.795
8996,8525.021,18186712,WR_IN,175,2089370899763488,239482568,0,1,0,1400,8,11498096,6,5,5389.733
9024,8525.554,18187848,WR_IN,176,2089370899764624,239482569,0,1,0,1408,8,11488260,6,5,5385.122
9052,8526.056,18188920,WR_IN,177,2089370899765696,239482570,0,1,0,1416,8,11496616,6,5,5389.039
9080,8526.579,18190036,WR_IN,178,2089370899766812,239482571,0,1,0,1424,8,11486780,6,5,5384.428
9108,8527.099,18191144,WR_IN,179,2089370899767920,239482572,0,1,0,1432,8,11496404,6,5,5388.939
9136,8527.643,18192304,WR_IN,180,2089370899769080,239482573,0,1,0,1440,8,11485280,6,5,5383.725
9164,8528.143,18193372,WR_IN,181,2089370899770148,239482574,0,1,0,1448,8,11494940,6,5,5388.253
9192,8528.653,18194460,WR_IN,182,2089370899771236,239482575,0,1,0,1456,8,11483872,6,5,5383.065
9220,8529.169,18195560,WR_IN,183,2089370899772336,239482576,0,1,0,1464,8,11493488,6,5,5387.573
9248,8529.654,18196596,WR_IN,184,2089370899773372,239482577,0,1,0,1472,8,11483840,6,5,5383.050
9276,8530.193,18197744,WR_IN,185,2089370899774520,239482578,0,1,0,1480,8,11492040,6,5,5386.894
9304,8530.708,18198844,WR_IN,186,2089370899775620,239482579,0,1,0,1488,8,11482392,6,5,5382.371
9332,8531.214,18199924,WR_IN,187,2089370899776700,239482580,0,1,0,1496,8,11499716,6,5,5390.492
9360,8531.734,18201032,WR_IN,188,2089370899777808,239482581,0,1,0,1504,8,11489496,6,5,5385.701
9388,8532.242,18202116,WR_IN,189,2089370899778892,239482582,0,1,0,1512,8,11498320,6,5,5389.838
9416,8532.741,18203180,WR_IN,190,2089370899779956,239482583,0,1,0,1520,8,11488100,6,5,5385.047
9444,8533.256,18204280,WR_IN,191,2089370899781056,239482584,0,1,0,1528,8,11496868,6,5,5389.157
9472,8533.763,18205360,WR_IN,192,2089370899782136,239482585,0,1,0,1536,8,11496520,6,5,5388.994
9500,8534.299,18206504,WR_IN,193,2089370899783280,239482586,0,1,0,1544,8,11485504,6,5,5383.830
9528,8534.803,18207580,WR_IN,194,2089370899784356,239482587,0,1,0,1552,8,11485160,6,5,5383.669
9556,8535.315,18208672,WR_IN,195,2089370899785448,239482588,0,1,0,1560,8,11493920,6,5,5387.775
9584,8535.864,18209844,WR_IN,196,2089370899786620,239482589,0,1,0,1568,8,11484948,6,5,5383.569
9612,8536.380,18210944,WR_IN,197,2089370899787720,239482590,0,1,0,1576,8,11492388,6,5,5387.057
9640,8536.944,18212148,WR_IN,198,2089370899788924,239482591,0,1,0,1584,8,11483432,6,5,5382.859
9668,8537.454,18213236,WR_IN,199,2089370899790012,239482592,0,1,0,1592,8,11490828,6,5,5386.326
9696,8537.978,18214352,WR_IN,200,2089370899791128,239482593,0,1,0,1600,8,11490940,6,5,5386.378
9724,8538.474,18215412,WR_IN,201,2089370899792188,239482594,0,1,0,1608,8,11480924,6,5,5381.683
9752,8538.968,18216464,WR_IN,202,2089370899793240,239482595,0,1,0,1616,8,11480588,6,5,5381.526
9780,8539.487,18217572,WR_IN,203,2089370899794348,239482596,0,1,0,1624,8,11488484,6,5,5385.227
9808,8539.995,18218656,WR_IN,204,2089370899795432,239482597,0,1,0,1632,8,11479184,6,5,5380.868
9836,8540.503,18219740,WR_IN,205,2089370899796516,239482598,0,1,0,1640,8,11487072,6,5,5384.565
9864,8541.008,18220816,WR_IN,206,2089370899797592,239482599,0,1,0,1648,8,11486712,6,5,5384.396
9892,8541.504,18221876,WR_IN,207,2089370899798652,239482600,0,1,0,1656,8,11494160,6,5,5387.888
9920,8542.033,18223004,WR_IN,208,2089370899799780,239482601,0,1,0,1664,8,11485276,6,5,5383.723
9948,8542.575,18224160,WR_IN,209,2089370899800936,239482602,0,1,0,1672,8,11880832,6,5,5569.140
9976,8543.081,18225240,WR_IN,210,2089370899802016,239482603,0,1,0,1680,8,11483776,6,5,5383.020
10004,8543.595,18226336,WR_IN,211,2089370899803112,239482604,0,1,0,1688,8,11880164,6,5,5568.827
10032,8544.049,18227304,WR_IN,212,2089370899804080,239482605,0,1,0,1696,8,11482460,6,5,5382.403
10060,8544.546,18228364,WR_IN,213,2089370899805140,239482606,0,1,0,1704,8,11878836,6,5,5568.204
10088,8545.063,18229468,WR_IN,214,2089370899806244,239482607,0,1,0,1712,8,11481036,6,5,5381.736
10116,8545.577,18230564,WR_IN,215,2089370899807340,239482608,0,1,0,1720,8,11877276,6,5,5567.473
10144,8546.117,18231716,WR_IN,216,2089370899808492,239482609,0,1,0,1728,8,11480060,6,5,5381.278
10172,8546.601,18232748,WR_IN,217,2089370899809524,239482610,0,1,0,1736,8,11876364,6,5,5567.046
10200,8547.146,18233912,WR_IN,218,2089370899810688,239482611,0,1,0,1744,8,11478640,6,5,5380.613
10228,8547.861,18235436,WR_IN,219,2089370899812212,239482612,0,1,0,1752,8,11875176,6,5,5566.489
10256,8548.358,18236496,WR_IN,220,2089370899813272,239482613,0,1,0,1760,8,11476796,6,5,5379.748
10284,8548.860,18237568,WR_IN,221,2089370899814344,239482614,0,1,0,1768,8,11873748,6,5,5565.819
10312,8549.361,18238636,WR_IN,222,2089370899815412,239482615,0,1,0,1776,8,11475396,6,5,5379.092
10340,8549.852,18239684,WR_IN,223,2089370899816460,239482616,0,1,0,1784,8,11872296,6,5,5565.139
10368,8550.411,18240876,WR_IN,224,2089370899817652,239482617,0,1,0,1792,8,11474384,6,5,5378.618
10396,8550.960,18242048,WR_IN,225,2089370899818824,239482618,0,1,0,1800,8,11893540,6,5,5575.097
10424,8551.461,18243116,WR_IN,226,2089370899819892,239482619,0,1,0,1808,8,11893168,6,5,5574.923
10452,8551.965,18244192,WR_IN,227,2089370899820968,239482620,0,1,0,1816,8,11868504,6,5,5563.361
10480,8552.471,18245272,WR_IN,228,2089370899822048,239482621,0,1,0,1824,8,11868072,6,5,5563.159
10508,8552.983,18246364,WR_IN,229,2089370899823140,239482622,0,1,0,1832,8,11892412,6,5,5574.568
10536,8553.519,18247508,WR_IN,230,2089370899824284,239482623,0,1,0,1840,8,11867048,6,5,5562.679
10564,8554.018,18248572,WR_IN,231,2089370899825348,239482624,0,1,0,1848,8,11890840,6,5,5573.831
10592,8554.479,18249556,WR_IN,232,2089370899826332,239482625,0,1,0,1856,8,11890468,6,5,5573.657
10620,8554.993,18250652,WR_IN,233,2089370899827428,239482626,0,1,0,1864,8,11864656,6,5,5561.558
10648,8555.492,18251716,WR_IN,234,2089370899828492,239482627,0,1,0,1872,8,11864260,6,5,5561.372
10676,8556.038,18252880,WR_IN,235,2089370899829656,239482628,0,1,0,1880,8,11887792,6,5,5572.403
10704,8556.501,18253868,WR_IN,236,2089370899830644,239482629,0,1,0,1888,8,11865180,6,5,5561.803
10732,8557.003,18254940,WR_IN,237,2089370899831716,239482630,0,1,0,1896,8,11887720,6,5,5572.369
10760,8557.487,18255972,WR_IN,238,2089370899832748,239482631,0,1,0,1904,8,11863860,6,5,5561.184
10788,8557.956,18256972,WR_IN,239,2089370899833748,239482632,0,1,0,1912,8,11886408,6,5,5571.754
10816,8558.456,18258040,WR_IN,240,2089370899834816,239482633,0,1,0,1920,8,11862516,6,5,5560.554
10844,8559.011,18259224,WR_IN,241,2089370899836000,239482634,0,1,0,1928,8,11899388,6,5,5577.838
10872,8559.551,18260376,WR_IN,242,2089370899837152,239482635,0,1,0,1936,8,11872036,6,5,5565.017
10900,8560.084,18261512,WR_IN,243,2089370899838288,239482636,0,1,0,1944,8,11898160,6,5,5577.263
10928,8560.598,18262608,WR_IN,244,2089370899839384,239482637,0,1,0,1952,8,11881428,6,5,5569.419
10956,8561.063,18263600,WR_IN,245,2089370899840376,239482638,0,1,0,1960,8,11896776,6,5,5576.614
10984,8561.552,18264644,WR_IN,246,2089370899841420,239482639,0,1,0,1968,8,11880084,6,5,5568.789
11012,8562.049,18265704,WR_IN,247,2089370899842480,239482640,0,1,0,1976,8,11900272,6,5,5578.253
11040,8562.583,18266844,WR_IN,248,2089370899843620,239482641,0,1,0,1984,8,11878556,6,5,5568.073
11068,8563.099,18267944,WR_IN,249,2089370899844720,239482642,0,1,0,1992,8,11898744,6,5,5577.536
11096,8563.639,18269096,WR_IN,250,2089370899845872,239482643,0,1,0,2000,8,11898640,6,5,5577.488
11124,8564.220,18270336,WR_IN,251,2089370899847112,239482644,0,1,0,2008,8,11876404,6,5,5567.064
11152,8564.754,18271476,WR_IN,252,2089370899848252,239482645,0,1,0,2016,8,11875956,6,5,5566.854
11180,8571.356,18285560,WR_IN,253,2089370899862336,239482646,0,1,0,2024,8,11882804,6,5,5570.064
11208,8572.146,18287244,WR_IN,254,2089370899864020,239482647,0,1,0,2032,8,11868220,6,5,5563.228
11236,8573.093,18289264,WR_IN,255,2089370899866040,239482648,0,1,0,2040,8,11879708,6,5,5568.613
11264,8574.006,18291212,WR_IN,256,2089370899867988,239482649,0,1,0,2048,8,11864960,6,5,5561.700
11292,8574.776,18292856,WR_IN,257,2089370899869632,239482650,0,1,0,2056,8,11876716,6,5,5567.211
11320,8575.652,18294724,WR_IN,258,2089370899871500,239482651,0,1,0,2064,8,11862580,6,5,5560.584
11348,8576.558,18296656,WR_IN,259,2089370899873432,239482652,0,1,0,2072,8,11882244,6,5,5569.802
11376,8577.613,18298908,WR_IN,260,2089370899875684,239482653,0,1,0,2080,8,11859060,6,5,5558.934
11404,8578.127,18300004,WR_IN,261,2089370899876780,239482654,0,1,0,2088,8,11879540,6,5,5568.534
11432,8579.008,18301884,WR_IN,262,2089370899878660,239482655,0,1,0,2096,8,11869360,6,5,5563.763
11460,8579.925,18303840,WR_IN,263,2089370899880616,239482656,0,1,0,2104,8,11876704,6,5,5567.205
11488,8580.759,18305620,WR_IN,264,2089370899882396,239482657,0,1,0,2112,8,11866268,6,5,5562.313
11516,8581.637,18307492,WR_IN,265,2089370899884268,239482658,0,1,0,2120,8,11873692,6,5,5565.793
11544,8582.494,18309320,WR_IN,266,2089370899886096,239482659,0,1,0,2128,8,11863200,6,5,5560.875
11572,8583.319,18311080,WR_IN,267,2089370899887856,239482660,0,1,0,2136,8,12326624,6,5,5778.105
11600,8584.275,18313120,WR_IN,268,2089370899889896,239482661,0,1,0,2144,8,12325832,6,5,5777.734
11628,8585.259,18315220,WR_IN,269,2089370899891996,239482662,0,1,0,2152,8,11857944,6,5,5558.411
11656,8585.835,18316448,WR_IN,270,2089370899893224,239482663,0,1,0,2160,8,11857700,6,5,5558.297
11684,8586.388,18317628,WR_IN,271,2089370899894404,239482664,0,1,0,2168,8,12322376,6,5,5776.114
11712,8587.014,18318964,WR_IN,272,2089370899895740,239482665,0,1,0,2176,8,11855844,6,5,5557.427
11740,8587.869,18320788,WR_IN,273,2089370899897564,239482666,0,1,0,2184,8,12319848,6,5,5774.929
11768,8588.730,18322624,WR_IN,274,2089370899899400,239482667,0,1,0,2192,8,11853188,6,5,5556.182
11796,8589.713,18324720,WR_IN,275,2089370899901496,239482668,0,1,0,2200,8,12316516,6,5,5773.367
11824,8590.577,18326564,WR_IN,276,2089370899903340,239482669,0,1,0,2208,8,11849916,6,5,5554.648
11852,8591.507,18328548,WR_IN,277,2089370899905324,239482670,0,1,0,2216,8,12313328,6,5,5771.873
11880,8592.264,18330164,WR_IN,278,2089370899906940,239482671,0,1,0,2224,8,11847732,6,5,5553.624
11908,8593.239,18332244,WR_IN,279,2089370899909020,239482672,0,1,0,2232,8,12335560,6,5,5782.294
11936,8594.096,18334072,WR_IN,280,2089370899910848,239482673,0,1,0,2240,8,12308456,6,5,5769.589
11964,8594.951,18335896,WR_IN,281,2089370899912672,239482674,0,1,0,2248,8,12332908,6,5,5781.051
11992,8595.829,18337768,WR_IN,282,2089370899914544,239482675,0,1,0,2256,8,12305824,6,5,5768.355
12020,8596.779,18339796,WR_IN,283,2089370899916572,239482676,0,1,0,2264,8,12329648,6,5,5779.523
12048,8597.618,18341584,WR_IN,284,2089370899918360,239482677,0,1,0,2272,8,12302684,6,5,5766.883
12076,8598.437,18343332,WR_IN,285,2089370899920108,239482678,0,1,0,2280,8,12326728,6,5,5778.154
12104,8599.324,18345224,WR_IN,286,2089370899922000,239482679,0,1,0,2288,8,12325456,6,5,5777.558
12132,8600.359,18347432,WR_IN,287,2089370899924208,239482680,0,1,0,2296,8,12297820,6,5,5764.603
12160,8601.289,18349416,WR_IN,288,2089370899926192,239482681,0,1,0,2304,8,12296488,6,5,5763.979
12188,8601.771,18350444,WR_IN,289,2089370899927220,239482682,0,1,0,2312,8,12321292,6,5,5775.606
12216,8602.268,18351504,WR_IN,290,2089370899928280,239482683,0,1,0,2320,8,12295412,6,5,5763.474
12244,8602.768,18352572,WR_IN,291,2089370899929348,239482684,0,1,0,2328,8,12319812,6,5,5774.912
12272,8603.301,18353708,WR_IN,292,2089370899930484,239482685,0,1,0,2336,8,12293888,6,5,5762.760
12300,8603.766,18354700,WR_IN,293,2089370899931476,239482686,0,1,0,2344,8,12689836,6,5,5948.361
12328,8604.315,18355872,WR_IN,294,2089370899932648,239482687,0,1,0,2352,8,12292756,6,5,5762.229
12356,8604.816,18356940,WR_IN,295,2089370899933716,239482688,0,1,0,2360,8,12688436,6,5,5947.704
12384,8605.356,18358092,WR_IN,296,2089370899934868,239482689,0,1,0,2368,8,12291188,6,5,5761.494
12412,8605.896,18359244,WR_IN,297,2089370899936020,239482690,0,1,0,2376,8,12686748,6,5,5946.913
12440,8606.391,18360300,WR_IN,298,2089370899937076,239482691,0,1,0,2384,8,12290024,6,5,5760.949
12468,8606.918,18361424,WR_IN,299,2089370899938200,239482692,0,1,0,2392,8,12685300,6,5,5946.234
12496,8607.420,18362496,WR_IN,300,2089370899939272,239482693,0,1,0,2400,8,12288508,6,5,5760.238
12524,8607.958,18363644,WR_IN,301,2089370899940420,239482694,0,1,0,2408,8,12684092,6,5,5945.668
12552,8608.496,18364792,WR_IN,302,2089370899941568,239482695,0,1,0,2416,8,12286832,6,5,5759.453
12580,8608.958,18365776,WR_IN,303,2089370899942552,239482696,0,1,0,2424,8,12682588,6,5,5944.963
12608,8609.445,18366816,WR_IN,304,2089370899943592,239482697,0,1,0,2432,8,12682156,6,5,5944.761
12636,8609.940,18367872,WR_IN,305,2089370899944648,239482698,0,1,0,2440,8,12285940,6,5,5759.034
12664,8610.429,18368916,WR_IN,306,2089370899945692,239482699,0,1,0,2448,8,12285552,6,5,5758.853
12692,8610.930,18369984,WR_IN,307,2089370899946760,239482700,0,1,0,2456,8,12679584,6,5,5943.555
12720,8611.449,18371092,WR_IN,308,2089370899947868,239482701,0,1,0,2464,8,12295564,6,5,5763.546
12748,8611.907,18372068,WR_IN,309,2089370899948844,239482702,0,1,0,2472,8,12707592,6,5,5956.684
12776,8612.409,18373140,WR_IN,310,2089370899949916,239482703,0,1,0,2480,8,12677632,6,5,5942.640
12804,8612.908,18374204,WR_IN,311,2089370899950980,239482704,0,1,0,2488,8,12706056,6,5,5955.964
12832,8613.448,18375356,WR_IN,312,2089370899952132,239482705,0,1,0,2496,8,12687916,6,5,5947.461
12860,8613.939,18376404,WR_IN,313,2089370899953180,239482706,0,1,0,2504,8,12704456,6,5,5955.214
12888,8614.472,18377540,WR_IN,314,2089370899954316,239482707,0,1,0,2512,8,12686744,6,5,5946.911
12916,8614.956,18378572,WR_IN,315,2089370899955348,239482708,0,1,0,2520,8,12702888,6,5,5954.479
12944,8615.593,18379932,WR_IN,316,2089370899956708,239482709,0,1,0,2528,8,12685024,6,5,5946.105
12972,8616.071,18380952,WR_IN,317,2089370899957728,239482710,0,1,0,2536,8,12702100,6,5,5954.109
13000,8616.570,18382016,WR_IN,318,2089370899958792,239482711,0,1,0,2544,8,12683540,6,5,5945.409
13028,8617.106,18383160,WR_IN,319,2089370899959936,239482712,0,1,0,2552,8,12700536,6,5,5953.376
13056,8617.614,18384244,WR_IN,320,2089370899961020,239482713,0,1,0,2560,8,12682352,6,5,5944.853
13084,8618.149,18385384,WR_IN,321,2089370899962160,239482714,0,1,0,2568,8,12699080,6,5,5952.694
13112,8618.663,18386480,WR_IN,322,2089370899963256,239482715,0,1,0,2576,8,13036176,6,5,6110.708
13140,8619.178,18387580,WR_IN,323,2089370899964356,239482716,0,1,0,2584,8,12679680,6,5,5943.600
13168,8619.754,18388808,WR_IN,324,2089370899965584,239482717,0,1,0,2592,8,12679436,6,5,5943.486
13196,8620.299,18389972,WR_IN,325,2089370899966748,239482718,0,1,0,2600,8,13033548,6,5,6109.476
13224,8620.800,18391040,WR_IN,326,2089370899967816,239482719,0,1,0,2608,8,12678992,6,5,5943.278
13252,8621.284,18392072,WR_IN,327,2089370899968848,239482720,0,1,0,2616,8,13032432,6,5,6108.953
13280,8621.779,18393128,WR_IN,328,2089370899969904,239482721,0,1,0,2624,8,12684276,6,5,5945.754
13308,8622.279,18394196,WR_IN,329,2089370899970972,239482722,0,1,0,2632,8,13030944,6,5,6108.255
13336,8622.789,18395284,WR_IN,330,2089370899972060,239482723,0,1,0,2640,8,12682732,6,5,5945.031
13364,8623.305,18396384,WR_IN,331,2089370899973160,239482724,0,1,0,2648,8,13038460,6,5,6111.778
13392,8623.824,18397492,WR_IN,332,2089370899974268,239482725,0,1,0,2656,8,12681536,6,5,5944.470
13420,8624.304,18398516,WR_IN,333,2089370899975292,239482726,0,1,0,2664,8,13043856,6,5,6114.308
13448,8624.781,18399532,WR_IN,334,2089370899976308,239482727,0,1,0,2672,8,13026220,6,5,6106.041
13476,8625.323,18400688,WR_IN,335,2089370899977464,239482728,0,1,0,2680,8,13042712,6,5,6113.771
13504,8625.864,18401844,WR_IN,336,2089370899978620,239482729,0,1,0,2688,8,13024996,6,5,6105.467
13532,8626.361,18402904,WR_IN,337,2089370899979680,239482730,0,1,0,2696,8,13041152,6,5,6113.040
13560,8626.828,18403900,WR_IN,338,2089370899980676,239482731,0,1,0,2704,8,13023604,6,5,6104.814
13588,8627.363,18405040,WR_IN,339,2089370899981816,239482732,0,1,0,2712,8,13039640,6,5,6112.331
13616,8627.949,18406292,WR_IN,340,2089370899983068,239482733,0,1,0,2720,8,13038984,6,5,6112.024
13644,8628.465,18407392,WR_IN,341,2089370899984168,239482734,0,1,0,2728,8,13020752,6,5,6103.478
13672,8628.984,18408500,WR_IN,342,2089370899985276,239482735,0,1,0,2736,8,13021148,6,5,6103.663
13700,8629.493,18409584,WR_IN,343,2089370899986360,239482736,0,1,0,2744,8,13036284,6,5,6110.758
13728,8630.031,18410732,WR_IN,344,2089370899987508,239482737,0,1,0,2752,8,13020340,6,5,6103.284
13756,8630.514,18411764,WR_IN,345,2089370899988540,239482738,0,1,0,2760,8,13260560,6,5,6215.888
13784,8631.004,18412808,WR_IN,346,2089370899989584,239482739,0,1,0,2768,8,13018924,6,5,6102.621
13812,8631.469,18413800,WR_IN,347,2089370899990576,239482740,0,1,0,2776,8,13259388,6,5,6215.338
13840,8631.934,18414792,WR_IN,348,2089370899991568,239482741,0,1,0,2784,8,13017576,6,5,6101.989
13868,8632.391,18415768,WR_IN,349,2089370899992544,239482742,0,1,0,2792,8,13258024,6,5,6214.699
13896,8632.856,18416760,WR_IN,350,2089370899993536,239482743,0,1,0,2800,8,13016672,6,5,6101.565
13924,8633.338,18417788,WR_IN,351,2089370899994564,239482744,0,1,0,2808,8,13256620,6,5,6214.041
13952,8633.886,18418956,WR_IN,352,2089370899995732,239482745,0,1,0,2816,8,13256488,6,5,6213.979
13980,8634.399,18420052,WR_IN,353,2089370899996828,239482746,0,1,0,2824,8,13264996,6,5,6217.967
14008,8634.887,18421092,WR_IN,354,2089370899997868,239482747,0,1,0,2832,8,13254988,6,5,6213.276
14036,8635.408,18422204,WR_IN,355,2089370899998980,239482748,0,1,0,2840,8,13511464,6,5,6333.499
14064,8635.875,18423200,WR_IN,356,2089370899999976,239482749,0,1,0,2848,8,13253504,6,5,6212.580
14092,8636.370,18424256,WR_IN,357,2089370900001032,239482750,0,1,0,2856,8,13510180,6,5,6332.897
14120,8636.880,18425344,WR_IN,358,2089370900002120,239482751,0,1,0,2864,8,13518420,6,5,6336.759
14148,8637.405,18426464,WR_IN,359,2089370900003240,239482752,0,1,0,2872,8,13253664,6,5,6212.655
14176,8637.962,18427652,WR_IN,360,2089370900004428,239482753,0,1,0,2880,8,13253144,6,5,6212.411
14204,8638.523,18428848,WR_IN,361,2089370900005624,239482754,0,1,0,2888,8,13515592,6,5,6335.434
14232,8639.029,18429928,WR_IN,362,2089370900006704,239482755,0,1,0,2896,8,13251892,6,5,6211.824
14260,8639.548,18431036,WR_IN,363,2089370900007812,239482756,0,1,0,2904,8,13514068,6,5,6334.719
14288,8640.051,18432108,WR_IN,364,2089370900008884,239482757,0,1,0,2912,8,13250696,6,5,6211.264
14316,8640.591,18433260,WR_IN,365,2089370900010036,239482758,0,1,0,2920,8,13512432,6,5,6333.953
14344,8641.123,18434396,WR_IN,366,2089370900011172,239482759,0,1,0,2928,8,13249364,6,5,6210.639
14372,8641.637,18435492,WR_IN,367,2089370900012268,239482760,0,1,0,2936,8,13517968,6,5,6336.548
14400,8642.136,18436556,WR_IN,368,2089370900013332,239482761,0,1,0,2944,8,13247876,6,5,6209.942
14428,8642.681,18437720,WR_IN,369,2089370900014496,239482762,0,1,0,2952,8,13516384,6,5,6335.805
14456,8643.178,18438780,WR_IN,370,2089370900015556,239482763,0,1,0,2960,8,13507968,6,5,6331.860
14484,8643.664,18439816,WR_IN,371,2089370900016592,239482764,0,1,0,2968,8,13515312,6,5,6335.303
14512,8644.179,18440916,WR_IN,372,2089370900017692,239482765,0,1,0,2976,8,13507724,6,5,6331.746
14540,8644.635,18441888,WR_IN,373,2089370900018664,239482766,0,1,0,2984,8,13791456,6,5,6464.745
14568,8645.121,18442924,WR_IN,374,2089370900019700,239482767,0,1,0,2992,8,13507700,6,5,6331.734
14596,8645.601,18443948,WR_IN,375,2089370900020724,239482768,0,1,0,3000,8,13791496,6,5,6464.764
14624,8646.133,18445084,WR_IN,376,2089370900021860,239482769,0,1,0,3008,8,13791036,6,5,6464.548
14652,8646.647,18446180,WR_IN,377,2089370900022956,239482770,0,1,0,3016,8,13505444,6,5,6330.677
14680,8647.112,18447172,WR_IN,378,2089370900023948,239482771,0,1,0,3024,8,13505288,6,5,6330.604
14708,8647.620,18448256,WR_IN,379,2089370900025032,239482772,0,1,0,3032,8,13804764,6,5,6470.983
14736,8654.177,18462244,WR_IN,380,2089370900039020,239482773,0,1,0,3040,8,13781820,6,5,6460.228
14764,8654.925,18463840,WR_IN,381,2089370900040616,239482774,0,1,0,3048,8,13790188,6,5,6464.151
14792,8655.795,18465696,WR_IN,382,2089370900042472,239482775,0,1,0,3056,8,13780464,6,5,6459.593
14820,8656.838,18467920,WR_IN,383,2089370900044696,239482776,0,1,0,3064,8,13786792,6,5,6462.559
14848,8657.629,18469608,WR_IN,384,2089370900046384,239482777,0,1,0,3072,8,13777260,6,5,6458.091
14876,8658.523,18471516,WR_IN,385,2089370900048292,239482778,0,1,0,3080,8,13783940,6,5,6461.222
14904,8659.328,18473232,WR_IN,386,2089370900050008,239482779,0,1,0,3088,8,13775440,6,5,6457.238
14932,8660.323,18475356,WR_IN,387,2089370900052132,239482780,0,1,0,3096,8,14114764,6,5,6616.296
14960,8661.409,18477672,WR_IN,388,2089370900054448,239482781,0,1,0,3104,8,13771664,6,5,6455.468
14988,8662.268,18479504,WR_IN,389,2089370900056280,239482782,0,1,0,3112,8,14111364,6,5,6614.702
15016,8663.183,18481456,WR_IN,390,2089370900058232,239482783,0,1,0,3120,8,13770348,6,5,6454.851
15044,8664.081,18483372,WR_IN,391,2089370900060148,239482784,0,1,0,3128,8,14109640,6,5,6613.894
15072,8664.936,18485196,WR_IN,392,2089370900061972,239482785,0,1,0,3136,8,14108468,6,5,6613.344
15100,8665.832,18487108,WR_IN,393,2089370900063884,239482786,0,1,0,3144,8,14117600,6,5,6617.625
15128,8666.708,18488976,WR_IN,394,2089370900065752,239482787,0,1,0,3152,8,14116392,6,5,6617.059
15156,8667.514,18490696,WR_IN,395,2089370900067472,239482788,0,1,0,3160,8,14104640,6,5,6611.550
15184,8668.436,18492664,WR_IN,396,2089370900069440,239482789,0,1,0,3168,8,14103316,6,5,6610.929
15212,8669.357,18494628,WR_IN,397,2089370900071404,239482790,0,1,0,3176,8,14111348,6,5,6614.694
15240,8670.246,18496524,WR_IN,398,2089370900073300,239482791,0,1,0,3184,8,14100732,6,5,6609.718
15268,8670.951,18498028,WR_IN,399,2089370900074804,239482792,0,1,0,3192,8,14108548,6,5,6613.382
15296,8671.474,18499144,WR_IN,400,2089370900075920,239482793,0,1,0,3200,8,14099612,6,5,6609.193
15324,8672.333,18500976,WR_IN,401,2089370900077752,239482794,0,1,0,3208,8,14106216,6,5,6612.289
15352,8673.253,18502940,WR_IN,402,2089370900079716,239482795,0,1,0,3216,8,14097672,6,5,6608.284
15380,8674.202,18504964,WR_IN,403,2089370900081740,239482796,0,1,0,3224,8,14453824,6,5,6775.230
15408,8675.040,18506752,WR_IN,404,2089370900083528,239482797,0,1,0,3232,8,14094528,6,5,6606.810
15436,8675.856,18508492,WR_IN,405,2089370900085268,239482798,0,1,0,3240,8,14459752,6,5,6778.009
15464,8676.896,18510712,WR_IN,406,2089370900087488,239482799,0,1,0,3248,8,14458208,6,5,6777.285
15492,8677.839,18512724,WR_IN,407,2089370900089500,239482800,0,1,0,3256,8,14469908,6,5,6782.769
15520,8678.655,18514464,WR_IN,408,2089370900091240,239482801,0,1,0,3264,8,14456500,6,5,6776.484
15548,8679.686,18516664,WR_IN,409,2089370900093440,239482802,0,1,0,3272,8,14467776,6,5,6781.770
15576,8680.530,18518464,WR_IN,410,2089370900095240,239482803,0,1,0,3280,8,14453184,6,5,6774.930
15604,8681.417,18520356,WR_IN,411,2089370900097132,239482804,0,1,0,3288,8,14464716,6,5,6780.336
15632,8682.161,18521944,WR_IN,412,2089370900098720,239482805,0,1,0,3296,8,14463748,6,5,6779.882
15660,8683.078,18523900,WR_IN,413,2089370900100676,239482806,0,1,0,3304,8,14450836,6,5,6773.829
15688,8683.946,18525752,WR_IN,414,2089370900102528,239482807,0,1,0,3312,8,14450380,6,5,6773.616
15716,8684.456,18526840,WR_IN,415,2089370900103616,239482808,0,1,0,3320,8,14459520,6,5,6777.900
15744,8684.963,18527920,WR_IN,416,2089370900104696,239482809,0,1,0,3328,8,14449244,6,5,6773.083
15772,8685.443,18528944,WR_IN,417,2089370900105720,239482810,0,1,0,3336,8,14788996,6,5,6932.342
15800,8685.921,18529964,WR_IN,418,2089370900106740,239482811,0,1,0,3344,8,14449088,6,5,6773.010
15828,8686.451,18531096,WR_IN,419,2089370900107872,239482812,0,1,0,3352,8,14787660,6,5,6931.716
15856,8686.944,18532148,WR_IN,420,2089370900108924,239482813,0,1,0,3360,8,14447928,6,5,6772.466
15884,8687.486,18533304,WR_IN,421,2089370900110080,239482814,0,1,0,3368,8,14786088,6,5,6930.979
15912,8688.019,18534440,WR_IN,422,2089370900111216,239482815,0,1,0,3376,8,14447564,6,5,6772.296
15940,8688.561,18535596,WR_IN,423,2089370900112372,239482816,0,1,0,3384,8,14807392,6,5,6940.965
15968,8689.067,18536676,WR_IN,424,2089370900113452,239482817,0,1,0,3392,8,14784612,6,5,6930.287
15996,8689.592,18537796,WR_IN,425,2089370900114572,239482818,0,1,0,3400,8,14814160,6,5,6944.138
16024,8690.094,18538868,WR_IN,426,2089370900115644,239482819,0,1,0,3408,8,14784272,6,5,6930.128
16052,8690.604,18539956,WR_IN,427,2089370900116732,239482820,0,1,0,3416,8,14812656,6,5,6943.433
16080,8691.129,18541076,WR_IN,428,2089370900117852,239482821,0,1,0,3424,8,14782792,6,5,6929.434
16108,8691.587,18542052,WR_IN,429,2089370900118828,239482822,0,1,0,3432,8,15159044,6,5,7105.802
16136,8692.086,18543116,WR_IN,430,2089370900119892,239482823,0,1,0,3440,8,15158784,6,5,7105.680
16164,8692.584,18544180,WR_IN,431,2089370900120956,239482824,0,1,0,3448,8,14780336,6,5,6928.283
16192,8693.104,18545288,WR_IN,432,2089370900122064,239482825,0,1,0,3456,8,14792024,6,5,6933.761
16220,8693.638,18546428,WR_IN,433,2089370900123204,239482826,0,1,0,3464,8,15157380,6,5,7105.022
16248,8694.113,18547440,WR_IN,434,2089370900124216,239482827,0,1,0,3472,8,14792272,6,5,6933.878
16276,8694.624,18548532,WR_IN,435,2089370900125308,239482828,0,1,0,3480,8,15155924,6,5,7104.339
16304,8695.078,18549500,WR_IN,436,2089370900126276,239482829,0,1,0,3488,8,14791284,6,5,6933.414
16332,8695.583,18550576,WR_IN,437,2089370900127352,239482830,0,1,0,3496,8,15154500,6,5,7103.672
16360,8696.085,18551648,WR_IN,438,2089370900128424,239482831,0,1,0,3504,8,14789908,6,5,6932.769
16388,8696.550,18552640,WR_IN,439,2089370900129416,239482832,0,1,0,3512,8,15163700,6,5,7107.984
16416,8697.086,18553784,WR_IN,440,2089370900130560,239482833,0,1,0,3520,8,14788404,6,5,6932.064
16444,8697.628,18554940,WR_IN,441,2089370900131716,239482834,0,1,0,3528,8,15162456,6,5,7107.401
16472,8698.131,18556012,WR_IN,442,2089370900132788,239482835,0,1,0,3536,8,15150556,6,5,7101.823
16500,8698.652,18557124,WR_IN,443,2089370900133900,239482836,0,1,0,3544,8,15161304,6,5,7106.861
16528,8699.115,18558112,WR_IN,444,2089370900134888,239482837,0,1,0,3552,8,15150104,6,5,7101.611
16556,8699.608,18559164,WR_IN,445,2089370900135940,239482838,0,1,0,3560,8,15159908,6,5,7106.207
16584,8700.083,18560176,WR_IN,446,2089370900136952,239482839,0,1,0,3568,8,15149144,6,5,7101.161
16612,8700.570,18561216,WR_IN,447,2089370900137992,239482840,0,1,0,3576,8,15159792,6,5,7106.153
16640,8701.048,18562236,WR_IN,448,2089370900139012,239482841,0,1,0,3584,8,15159408,6,5,7105.973
16668,8701.534,18563272,WR_IN,449,2089370900140048,239482842,0,1,0,3592,8,15146804,6,5,7100.064
16696,8702.051,18564376,WR_IN,450,2089370900141152,239482843,0,1,0,3600,8,15149528,6,5,7101.341
16724,8702.509,18565352,WR_IN,451,2089370900142128,239482844,0,1,0,3608,8,15156936,6,5,7104.814
16752,8703.028,18566460,WR_IN,452,2089370900143236,239482845,0,1,0,3616,8,15148140,6,5,7100.691
16780,8703.525,18567520,WR_IN,453,2089370900144296,239482846,0,1,0,3624,8,15503104,6,5,7267.080
16808,8704.028,18568592,WR_IN,454,2089370900145368,239482847,0,1,0,3632,8,15147068,6,5,7100.188
16836,8704.571,18569752,WR_IN,455,2089370900146528,239482848,0,1,0,3640,8,15501688,6,5,7266.416
16864,8705.121,18570924,WR_IN,456,2089370900147700,239482849,0,1,0,3648,8,15501192,6,5,7266.184
16892,8705.582,18571908,WR_IN,457,2089370900148684,239482850,0,1,0,3656,8,15525460,6,5,7277.559
16920,8706.060,18572928,WR_IN,458,2089370900149704,239482851,0,1,0,3664,8,15501048,6,5,7266.116
16948,8706.531,18573932,WR_IN,459,2089370900150708,239482852,0,1,0,3672,8,15524080,6,5,7276.913
16976,8707.056,18575052,WR_IN,460,2089370900151828,239482853,0,1,0,3680,8,15511500,6,5,7271.016
17004,8707.547,18576100,WR_IN,461,2089370900152876,239482854,0,1,0,3688,8,15523876,6,5,7276.817
17032,8708.049,18577172,WR_IN,462,2089370900153948,239482855,0,1,0,3696,8,15510924,6,5,7270.746
17060,8708.593,18578332,WR_IN,463,2089370900155108,239482856,0,1,0,3704,8,15878604,6,5,7443.096
17088,8709.103,18579420,WR_IN,464,2089370900156196,239482857,0,1,0,3712,8,15511604,6,5,7271.064
17116,8709.563,18580400,WR_IN,465,2089370900157176,239482858,0,1,0,3720,8,15877368,6,5,7442.516
17144,8710.050,18581440,WR_IN,466,2089370900158216,239482859,0,1,0,3728,8,15876960,6,5,7442.325
17172,8710.543,18582492,WR_IN,467,2089370900159268,239482860,0,1,0,3736,8,15509640,6,5,7270.144
17200,8711.027,18583524,WR_IN,468,2089370900160300,239482861,0,1,0,3744,8,15509628,6,5,7270.138
17228,8711.516,18584568,WR_IN,469,2089370900161344,239482862,0,1,0,3752,8,15875988,6,5,7441.869
17256,8711.985,18585568,WR_IN,470,2089370900162344,239482863,0,1,0,3760,8,15508264,6,5,7269.499
17284,8712.504,18586676,WR_IN,471,2089370900163452,239482864,0,1,0,3768,8,15874548,6,5,7441.194
17312,8713.058,18587856,WR_IN,472,2089370900164632,239482865,0,1,0,3776,8,15506580,6,5,7268.709
17340,8713.596,18589004,WR_IN,473,2089370900165780,239482866,0,1,0,3784,8,15873008,6,5,7440.473
17368,8714.094,18590068,WR_IN,474,2089370900166844,239482867,0,1,0,3792,8,15872536,6,5,7440.251
17396,8714.599,18591144,WR_IN,475,2089370900167920,239482868,0,1,0,3800,8,15891824,6,5,7449.293
17424,8715.158,18592336,WR_IN,476,2089370900169112,239482869,0,1,0,3808,8,15870896,6,5,7439.483
17452,8715.645,18593376,WR_IN,477,2089370900170152,239482870,0,1,0,3816,8,15890252,6,5,7448.556
17480,8716.149,18594452,WR_IN,478,2089370900171228,239482871,0,1,0,3824,8,15871772,6,5,7439.893
17508,8716.639,18595496,WR_IN,479,2089370900172272,239482872,0,1,0,3832,8,15888776,6,5,7447.864
17536,8717.108,18596496,WR_IN,480,2089370900173272,239482873,0,1,0,3840,8,15871424,6,5,7439.730
17564,8717.614,18597576,WR_IN,481,2089370900174352,239482874,0,1,0,3848,8,16254544,6,5,7619.318
17592,8718.075,18598560,WR_IN,482,2089370900175336,239482875,0,1,0,3856,8,15870028,6,5,7439.076
17620,8718.589,18599656,WR_IN,483,2089370900176432,239482876,0,1,0,3864,8,16253416,6,5,7618.789
17648,8719.123,18600796,WR_IN,484,2089370900177572,239482877,0,1,0,3872,8,16252888,6,5,7618.541
17676,8719.583,18601776,WR_IN,485,2089370900178552,239482878,0,1,0,3880,8,15868688,6,5,7438.448
17704,8720.044,18602760,WR_IN,486,2089370900179536,239482879,0,1,0,3888,8,15876272,6,5,7442.003
17732,8720.505,18603744,WR_IN,487,2089370900180520,239482880,0,1,0,3896,8,16251920,6,5,7618.088
17760,8721.006,18604812,WR_IN,488,2089370900181588,239482881,0,1,0,3904,8,15874888,6,5,7441.354
17788,8721.501,18605868,WR_IN,489,2089370900182644,239482882,0,1,0,3912,8,16257356,6,5,7620.636
17816,8722.007,18606948,WR_IN,490,2089370900183724,239482883,0,1,0,3920,8,15873372,6,5,7440.643
17844,8722.494,18607988,WR_IN,491,2089370900184764,239482884,0,1,0,3928,8,16256056,6,5,7620.026
17872,8722.950,18608960,WR_IN,492,2089370900185736,239482885,0,1,0,3936,8,16255676,6,5,7619.848
17900,8723.411,18609944,WR_IN,493,2089370900186720,239482886,0,1,0,3944,8,16267376,6,5,7625.333
17928,8723.914,18611016,WR_IN,494,2089370900187792,239482887,0,1,0,3952,8,16255540,6,5,7619.784
17956,8724.422,18612100,WR_IN,495,2089370900188876,239482888,0,1,0,3960,8,16265860,6,5,7624.622
17984,8724.960,18613248,WR_IN,496,2089370900190024,239482889,0,1,0,3968,8,16253988,6,5,7619.057
18012,8725.444,18614280,WR_IN,497,2089370900191056,239482890,0,1,0,3976,8,16264300,6,5,7623.891
18040,8725.943,18615344,WR_IN,498,2089370900192120,239482891,0,1,0,3984,8,16253952,6,5,7619.040
18068,8726.481,18616492,WR_IN,499,2089370900193268,239482892,0,1,0,3992,8,16262680,6,5,7623.131
18096,8726.985,18617568,WR_IN,500,2089370900194344,239482893,0,1,0,4000,8,16253612,6,5,7618.881
18124,8727.446,18618552,WR_IN,501,2089370900195328,239482894,0,1,0,4008,8,16667276,6,5,7812.786
18152,8727.945,18619616,WR_IN,502,2089370900196392,239482895,0,1,0,4016,8,16666972,6,5,7812.643
18180,8728.457,18620708,WR_IN,503,2089370900197484,239482896,0,1,0,4024,8,16251224,6,5,7617.761
18208,8728.980,18621824,WR_IN,504,2089370900198600,239482897,0,1,0,4032,8,16251176,6,5,7617.739
18236,8729.481,18622892,WR_IN,505,2089370900199668,239482898,0,1,0,4040,8,16664348,6,5,7811.413
18264,8729.940,18623872,WR_IN,506,2089370900200648,239482899,0,1,0,4048,8,16250096,6,5,7617.233
18292,8736.131,18637080,WR_IN,507,2089370900213856,239482900,0,1,0,4056,8,16650788,6,5,7805.057
18320,8736.953,18638832,WR_IN,508,2089370900215608,239482901,0,1,0,4064,8,16236144,6,5,7610.693
18348,8738.031,18641132,WR_IN,509,2089370900217908,239482902,0,1,0,4072,8,16662648,6,5,7810.616
18376,8738.884,18642952,WR_IN,510,2089370900219728,239482903,0,1,0,4080,8,16645572,6,5,7802.612
18404,8739.429,18644116,WR_IN,511,2089370900220892,239482904,0,1,0,4088,8,16660312,6,5,7809.521
18432,8739.971,18645272,WR_IN,512,2089370900222048,239482905,0,1,0,4096,8,16645152,6,5,7802.415
18460,8740.538,18646480,WR_IN,513,2089370900223256,239482906,0,1,0,4104,8,16659000,6,5,7808.906
18488,8741.102,18647684,WR_IN,514,2089370900224460,239482907,0,1,0,4112,8,16644484,6,5,7802.102
18516,8741.683,18648924,WR_IN,515,2089370900225700,239482908,0,1,0,4120,8,16657236,6,5,7808.079
18544,8742.707,18651108,WR_IN,516,2089370900227884,239482909,0,1,0,4128,8,16641732,6,5,7800.812
18572,8743.281,18652332,WR_IN,517,2089370900229108,239482910,0,1,0,4136,8,16654428,6,5,7806.763
18600,8743.798,18653436,WR_IN,518,2089370900230212,239482911,0,1,0,4144,8,16643008,6,5,7801.410
18628,8744.402,18654724,WR_IN,519,2089370900231500,239482912,0,1,0,4152,8,16652668,6,5,7805.938
18656,8745.533,18657136,WR_IN,520,2089370900233912,239482913,0,1,0,4160,8,17034728,6,5,7985.029
18684,8746.577,18659364,WR_IN,521,2089370900236140,239482914,0,1,0,4168,8,16638612,6,5,7799.349
18712,8747.093,18660464,WR_IN,522,2089370900237240,239482915,0,1,0,4176,8,16638516,6,5,7799.304
18740,8747.657,18661668,WR_IN,523,2089370900238444,239482916,0,1,0,4184,8,17031080,6,5,7983.319
18768,8748.726,18663948,WR_IN,524,2089370900240724,239482917,0,1,0,4192,8,16636944,6,5,7798.568
18796,8749.286,18665144,WR_IN,525,2089370900241920,239482918,0,1,0,4200,8,17028224,6,5,7981.980
18824,8749.879,18666408,WR_IN,526,2089370900243184,239482919,0,1,0,4208,8,16635500,6,5,7797.891
18852,8750.923,18668636,WR_IN,527,2089370900245412,239482920,0,1,0,4216,8,17046284,6,5,7990.446
18880,8752.020,18670976,WR_IN,528,2089370900247752,239482921,0,1,0,4224,8,17023904,6,5,7979.955
18908,8752.575,18672160,WR_IN,529,2089370900248936,239482922,0,1,0,4232,8,17044680,6,5,7989.694
18936,8753.154,18673396,WR_IN,530,2089370900250172,239482923,0,1,0,4240,8,17023604,6,5,7979.814
18964,8753.747,18674660,WR_IN,531,2089370900251436,239482924,0,1,0,4248,8,17042832,6,5,7988.828
18992,8754.261,18675756,WR_IN,532,2089370900252532,239482925,0,1,0,4256,8,17022600,6,5,7979.344
19020,8754.821,18676952,WR_IN,533,2089370900253728,239482926,0,1,0,4264,8,17484864,6,5,8196.030
19048,8755.395,18678176,WR_IN,534,2089370900254952,239482927,0,1,0,4272,8,17029180,6,5,7982.428
19076,8756.003,18679472,WR_IN,535,2089370900256248,239482928,0,1,0,4280,8,17483204,6,5,8195.252
19104,8756.826,18681228,WR_IN,536,2089370900258004,239482929,0,1,0,4288,8,17027704,6,5,7981.736
19132,8757.383,18682416,WR_IN,537,2089370900259192,239482930,0,1,0,4296,8,17480876,6,5,8194.161
19160,8757.908,18683536,WR_IN,538,2089370900260312,239482931,0,1,0,4304,8,17481656,6,5,8194.526
19188,8758.448,18684688,WR_IN,539,2089370900261464,239482932,0,1,0,4312,8,17025532,6,5,7980.718
19216,8759.063,18686000,WR_IN,540,2089370900262776,239482933,0,1,0,4320,8,17024860,6,5,7980.403
19244,8760.098,18688208,WR_IN,541,2089370900264984,239482934,0,1,0,4328,8,17477612,6,5,8192.631
19272,8760.615,18689312,WR_IN,542,2089370900266088,239482935,0,1,0,4336,8,17022176,6,5,7979.145
19300,8761.136,18690424,WR_IN,543,2089370900267200,239482936,0,1,0,4344,8,17476012,6,5,8191.881
19328,8761.733,18691696,WR_IN,544,2089370900268472,239482937,0,1,0,4352,8,17021944,6,5,7979.036
19356,8762.629,18693608,WR_IN,545,2089370900270384,239482938,0,1,0,4360,8,17474296,6,5,8191.076
19384,8763.707,18695908,WR_IN,546,2089370900272684,239482939,0,1,0,4368,8,17018404,6,5,7977.377
19412,8764.284,18697140,WR_IN,547,2089370900273916,239482940,0,1,0,4376,8,17482956,6,5,8195.136
19440,8764.868,18698384,WR_IN,548,2089370900275160,239482941,0,1,0,4384,8,17470172,6,5,8189.143
19468,8765.882,18700548,WR_IN,549,2089370900277324,239482942,0,1,0,4392,8,17480576,6,5,8194.020
19496,8766.392,18701636,WR_IN,550,2089370900278412,239482943,0,1,0,4400,8,17468920,6,5,8188.556
19524,8767.014,18702964,WR_IN,551,2089370900279740,239482944,0,1,0,4408,8,17478812,6,5,8193.193
19552,8767.596,18704204,WR_IN,552,2089370900280980,239482945,0,1,0,4416,8,17467044,6,5,8187.677
19580,8768.143,18705372,WR_IN,553,2089370900282148,239482946,0,1,0,4424,8,17477012,6,5,8192.349
19608,8768.678,18706512,WR_IN,554,2089370900283288,239482947,0,1,0,4432,8,17466024,6,5,8187.199
19636,8769.309,18707860,WR_IN,555,2089370900284636,239482948,0,1,0,4440,8,17475132,6,5,8191.468
19664,8769.789,18708884,WR_IN,556,2089370900285660,239482949,0,1,0,4448,8,17906864,6,5,8393.843
19692,8770.322,18710020,WR_IN,557,2089370900286796,239482950,0,1,0,4456,8,17464636,6,5,8186.548
19720,8770.793,18711024,WR_IN,558,2089370900287800,239482951,0,1,0,4464,8,17464296,6,5,8186.389
19748,8771.254,18712008,WR_IN,559,2089370900288784,239482952,0,1,0,4472,8,17904528,6,5,8392.748
19776,8771.786,18713144,WR_IN,560,2089370900289920,239482953,0,1,0,4480,8,17463624,6,5,8186.074
19804,8772.287,18714212,WR_IN,561,2089370900290988,239482954,0,1,0,4488,8,17902972,6,5,8392.018
19832,8772.758,18715216,WR_IN,562,2089370900291992,239482955,0,1,0,4496,8,17462560,6,5,8185.575
19860,8773.314,18716404,WR_IN,563,2089370900293180,239482956,0,1,0,4504,8,17901404,6,5,8391.283
19888,8773.823,18717488,WR_IN,564,2089370900294264,239482957,0,1,0,4512,8,17460956,6,5,8184.823
19916,8774.336,18718584,WR_IN,565,2089370900295360,239482958,0,1,0,4520,8,17920708,6,5,8400.332
19944,8774.841,18719660,WR_IN,566,2089370900296436,239482959,0,1,0,4528,8,17459796,6,5,8184.279
19972,8775.375,18720800,WR_IN,567,2089370900297576,239482960,0,1,0,4536,8,17919244,6,5,8399.646
20000,8775.921,18721964,WR_IN,568,2089370900298740,239482961,0,1,0,4544,8,17898524,6,5,8389.933
20028,8776.380,18722944,WR_IN,569,2089370900299720,239482962,0,1,0,4552,8,17919140,6,5,8399.597
20056,8776.935,18724128,WR_IN,570,2089370900300904,239482963,0,1,0,4560,8,17898408,6,5,8389.879
20084,8777.449,18725224,WR_IN,571,2089370900302000,239482964,0,1,0,4568,8,17917500,6,5,8398.828
20112,8777.951,18726296,WR_IN,572,2089370900303072,239482965,0,1,0,4576,8,17898276,6,5,8389.817
20140,8778.416,18727288,WR_IN,573,2089370900304064,239482966,0,1,0,4584,8,17916036,6,5,8398.142
20168,8778.936,18728396,WR_IN,574,2089370900305172,239482967,0,1,0,4592,8,17915528,6,5,8397.904
20196,8779.418,18729424,WR_IN,575,2089370900306200,239482968,0,1,0,4600,8,17895836,6,5,8388.673
20224,8779.879,18730408,WR_IN,576,2089370900307184,239482969,0,1,0,4608,8,17895508,6,5,8388.519
20252,8780.376,18731468,WR_IN,577,2089370900308244,239482970,0,1,0,4616,8,18313296,6,5,8584.358
20280,8780.828,18732432,WR_IN,578,2089370900309208,239482971,0,1,0,4624,8,17901564,6,5,8391.358
20308,8781.341,18733528,WR_IN,579,2089370900310304,239482972,0,1,0,4632,8,18312044,6,5,8583.771
20336,8781.863,18734640,WR_IN,580,2089370900311416,239482973,0,1,0,4640,8,17900012,6,5,8390.631
20364,8782.367,18735716,WR_IN,581,2089370900312492,239482974,0,1,0,4648,8,18310484,6,5,8583.039
20392,8782.862,18736772,WR_IN,582,2089370900313548,239482975,0,1,0,4656,8,17898956,6,5,8390.136
20420,8783.325,18737760,WR_IN,583,2089370900314536,239482976,0,1,0,4664,8,18309488,6,5,8582.573
20448,8783.818,18738812,WR_IN,584,2089370900315588,239482977,0,1,0,4672,8,17898392,6,5,8389.871
20476,8784.285,18739808,WR_IN,585,2089370900316584,239482978,0,1,0,4680,8,18309000,6,5,8582.344
20504,8784.761,18740824,WR_IN,586,2089370900317600,239482979,0,1,0,4688,8,17897420,6,5,8389.416
20532,8785.247,18741860,WR_IN,587,2089370900318636,239482980,0,1,0,4696,8,18307612,6,5,8581.693
20560,8785.719,18742868,WR_IN,588,2089370900319644,239482981,0,1,0,4704,8,18307220,6,5,8581.509
20588,8786.188,18743868,WR_IN,589,2089370900320644,239482982,0,1,0,4712,8,18327956,6,5,8591.229
20616,8786.702,18744964,WR_IN,590,2089370900321740,239482983,0,1,0,4720,8,18307804,6,5,8581.783
20644,8787.188,18746000,WR_IN,591,2089370900322776,239482984,0,1,0,4728,8,18327684,6,5,8591.102
20672,8787.675,18747040,WR_IN,592,2089370900323816,239482985,0,1,0,4736,8,18730992,6,5,8780.153
20700,8788.213,18748188,WR_IN,593,2089370900324964,239482986,0,1,0,4744,8,18306460,6,5,8581.153
20728,8788.744,18749320,WR_IN,594,2089370900326096,239482987,0,1,0,4752,8,18315024,6,5,8585.168
20756,8789.205,18750304,WR_IN,595,2089370900327080,239482988,0,1,0,4760,8,18728548,6,5,8779.007
20784,8789.704,18751368,WR_IN,596,2089370900328144,239482989,0,1,0,4768,8,18313816,6,5,8584.601
20812,8790.208,18752444,WR_IN,597,2089370900329220,239482990,0,1,0,4776,8,18727024,6,5,8778.293
20840,8790.707,18753508,WR_IN,598,2089370900330284,239482991,0,1,0,4784,8,18312288,6,5,8583.885
20868,8791.219,18754600,WR_IN,599,2089370900331376,239482992,0,1,0,4792,8,18725516,6,5,8777.586
20896,8791.729,18755688,WR_IN,600,2089370900332464,239482993,0,1,0,4800,8,18311140,6,5,8583.347
20924,8792.203,18756700,WR_IN,601,2089370900333476,239482994,0,1,0,4808,8,18724072,6,5,8776.909
20952,8792.694,18757748,WR_IN,602,2089370900334524,239482995,0,1,0,4816,8,18309904,6,5,8582.768
20980,8793.150,18758720,WR_IN,603,2089370900335496,239482996,0,1,0,4824,8,18724000,6,5,8776.875
21008,8793.671,18759832,WR_IN,604,2089370900336608,239482997,0,1,0,4832,8,18310104,6,5,8582.861
21036,8794.151,18760856,WR_IN,605,2089370900337632,239482998,0,1,0,4840,8,18722536,6,5,8776.189
21064,8794.641,18761900,WR_IN,606,2089370900338676,239482999,0,1,0,4848,8,18308692,6,5,8582.199
21092,8795.096,18762872,WR_IN,607,2089370900339648,239483000,0,1,0,4856,8,18729780,6,5,8779.584
21120,8795.603,18763952,WR_IN,608,2089370900340728,239483001,0,1,0,4864,8,18307264,6,5,8581.530
21148,8796.126,18765068,WR_IN,609,2089370900341844,239483002,0,1,0,4872,8,18739220,6,5,8784.009
21176,8796.621,18766124,WR_IN,610,2089370900342900,239483003,0,1,0,4880,8,18738780,6,5,8783.803
21204,8797.136,18767224,WR_IN,611,2089370900344000,239483004,0,1,0,4888,8,18726104,6,5,8777.861
21232,8797.628,18768272,WR_IN,612,2089370900345048,239483005,0,1,0,4896,8,18725676,6,5,8777.661
21260,8798.121,18769324,WR_IN,613,2089370900346100,239483006,0,1,0,4904,8,18736184,6,5,8782.586
21288,8798.599,18770344,WR_IN,614,2089370900347120,239483007,0,1,0,4912,8,18727296,6,5,8778.420
21316,8799.101,18771416,WR_IN,615,2089370900348192,239483008,0,1,0,4920,8,19145192,6,5,8974.309
21344,8799.636,18772556,WR_IN,616,2089370900349332,239483009,0,1,0,4928,8,18725772,6,5,8777.706
21372,8800.149,18773652,WR_IN,617,2089370900350428,239483010,0,1,0,4936,8,19143756,6,5,8973.636
21400,8800.609,18774632,WR_IN,618,2089370900351408,239483011,0,1,0,4944,8,18724364,6,5,8777.046
21428,8801.113,18775708,WR_IN,619,2089370900352484,239483012,0,1,0,4952,8,19143624,6,5,8973.574
21456,8801.616,18776780,WR_IN,620,2089370900353556,239483013,0,1,0,4960,8,18723428,6,5,8776.607
21484,8802.099,18777812,WR_IN,621,2089370900354588,239483014,0,1,0,4968,8,19142208,6,5,8972.910
21512,8802.619,18778920,WR_IN,622,2089370900355696,239483015,0,1,0,4976,8,18722248,6,5,8776.054
21540,8803.116,18779980,WR_IN,623,2089370900356756,239483016,0,1,0,4984,8,19148816,6,5,8976.008
21568,8803.569,18780948,WR_IN,624,2089370900357724,239483017,0,1,0,4992,8,18720904,6,5,8775.424
21596,8804.081,18782040,WR_IN,625,2089370900358816,239483018,0,1,0,5000,8,19147508,6,5,8975.394
21624,8804.589,18783124,WR_IN,626,2089370900359900,239483019,0,1,0,5008,8,18720520,6,5,8775.244
21652,8805.062,18784132,WR_IN,627,2089370900360908,239483020,0,1,0,5016,8,19146036,6,5,8974.704
21680,8805.574,18785224,WR_IN,628,2089370900362000,239483021,0,1,0,5024,8,19158236,6,5,8980.423
21708,8806.031,18786200,WR_IN,629,2089370900362976,239483022,0,1,0,5032,8,19146056,6,5,8974.714
21736,8806.508,18787216,WR_IN,630,2089370900363992,239483023,0,1,0,5040,8,19145696,6,5,8974.545
21764,8807.051,18788376,WR_IN,631,2089370900365152,239483024,0,1,0,5048,8,19155704,6,5,8979.236
21792,8807.573,18789488,WR_IN,632,2089370900366264,239483025,0,1,0,5056,8,19144508,6,5,8973.988
21820,8808.056,18790520,WR_IN,633,2089370900367296,239483026,0,1,0,5064,8,19154168,6,5,8978.516
21848,8814.594,18804468,WR_IN,634,2089370900381244,239483027,0,1,0,5072,8,19131680,6,5,8967.975
21876,8815.376,18806136,WR_IN,635,2089370900382912,239483028,0,1,0,5080,8,19140276,6,5,8972.004
21904,8816.423,18808368,WR_IN,636,2089370900385144,239483029,0,1,0,5088,8,19128444,6,5,8966.458
21932,8817.281,18810200,WR_IN,637,2089370900386976,239483030,0,1,0,5096,8,19136900,6,5,8970.422
21960,8818.078,18811900,WR_IN,638,2089370900388676,239483031,0,1,0,5104,8,19125768,6,5,8965.204
21988,8818.899,18813652,WR_IN,639,2089370900390428,239483032,0,1,0,5112,8,19519776,6,5,9149.895
22016,8819.781,18815532,WR_IN,640,2089370900392308,239483033,0,1,0,5120,8,19123992,6,5,8964.371
22044,8820.714,18817524,WR_IN,641,2089370900394300,239483034,0,1,0,5128,8,19516676,6,5,9148.442
22072,8821.564,18819336,WR_IN,642,2089370900396112,239483035,0,1,0,5136,8,19120940,6,5,8962.941
22100,8822.466,18821260,WR_IN,643,2089370900398036,239483036,0,1,0,5144,8,19513732,6,5,9147.062
22128,8823.263,18822960,WR_IN,644,2089370900399736,239483037,0,1,0,5152,8,19117940,6,5,8961.534
22156,8824.136,18824824,WR_IN,645,2089370900401600,239483038,0,1,0,5160,8,19510772,6,5,9145.674
22184,8825.055,18826784,WR_IN,646,2089370900403560,239483039,0,1,0,5168,8,19509424,6,5,9145.043
22212,8825.927,18828644,WR_IN,647,2089370900405420,239483040,0,1,0,5176,8,19113344,6,5,8959.380
22240,8826.763,18830428,WR_IN,648,2089370900407204,239483041,0,1,0,5184,8,19507784,6,5,9144.274
22268,8827.592,18832196,WR_IN,649,2089370900408972,239483042,0,1,0,5192,8,19525964,6,5,9152.796
22296,8828.481,18834092,WR_IN,650,2089370900410868,239483043,0,1,0,5200,8,19504784,6,5,9142.868
22324,8829.604,18836488,WR_IN,651,2089370900413264,239483044,0,1,0,5208,8,19523576,6,5,9151.676
22352,8830.530,18838464,WR_IN,652,2089370900415240,239483045,0,1,0,5216,8,19502436,6,5,9141.767
22380,8831.372,18840260,WR_IN,653,2089370900417036,239483046,0,1,0,5224,8,19917828,6,5,9336.482
22408,8832.195,18842016,WR_IN,654,2089370900418792,239483047,0,1,0,5232,8,19500928,6,5,9141.060
22436,8833.037,18843812,WR_IN,655,2089370900420588,239483048,0,1,0,5240,8,19916328,6,5,9335.779
22464,8833.914,18845684,WR_IN,656,2089370900422460,239483049,0,1,0,5248,8,19497960,6,5,9139.669
22492,8834.934,18847860,WR_IN,657,2089370900424636,239483050,0,1,0,5256,8,19912944,6,5,9334.193
22520,8835.724,18849544,WR_IN,658,2089370900426320,239483051,0,1,0,5264,8,19502200,6,5,9141.656
22548,8836.568,18851344,WR_IN,659,2089370900428120,239483052,0,1,0,5272,8,19910100,6,5,9332.859
22576,8837.436,18853196,WR_IN,660,2089370900429972,239483053,0,1,0,5280,8,19499600,6,5,9140.438
22604,8838.458,18855376,WR_IN,661,2089370900432152,239483054,0,1,0,5288,8,19906692,6,5,9331.262
22632,8839.275,18857120,WR_IN,662,2089370900433896,239483055,0,1,0,5296,8,19496360,6,5,9138.919
22660,8840.183,18859056,WR_IN,663,2089370900435832,239483056,0,1,0,5304,8,19903596,6,5,9329.811
22688,8841.006,18860812,WR_IN,664,2089370900437588,239483057,0,1,0,5312,8,19910716,6,5,9333.148
22716,8841.930,18862784,WR_IN,665,2089370900439560,239483058,0,1,0,5320,8,19492524,6,5,9137.121
22744,8842.802,18864644,WR_IN,666,2089370900441420,239483059,0,1,0,5328,8,19491348,6,5,9136.569
22772,8843.625,18866400,WR_IN,667,2089370900443176,239483060,0,1,0,5336,8,19907076,6,5,9331.442
22800,8844.489,18868244,WR_IN,668,2089370900445020,239483061,0,1,0,5344,8,19489268,6,5,9135.594
22828,8844.973,18869276,WR_IN,669,2089370900446052,239483062,0,1,0,5352,8,19913796,6,5,9334.592
22856,8845.470,18870336,WR_IN,670,2089370900447112,239483063,0,1,0,5360,8,19903792,6,5,9329.903
22884,8845.929,18871316,WR_IN,671,2089370900448092,239483064,0,1,0,5368,8,19914880,6,5,9335.100
22912,8846.396,18872312,WR_IN,672,2089370900449088,239483065,0,1,0,5376,8,19903996,6,5,9329.998
22940,8846.871,18873324,WR_IN,673,2089370900450100,239483066,0,1,0,5384,8,19913508,6,5,9334.457
22968,8847.343,18874332,WR_IN,674,2089370900451108,239483067,0,1,0,5392,8,19902636,6,5,9329.361
22996,8847.846,18875404,WR_IN,675,2089370900452180,239483068,0,1,0,5400,8,19913356,6,5,9334.386
23024,8848.348,18876476,WR_IN,676,2089370900453252,239483069,0,1,0,5408,8,19901540,6,5,9328.847
23052,8848.839,18877524,WR_IN,677,2089370900454300,239483070,0,1,0,5416,8,19911900,6,5,9333.703
23080,8849.379,18878676,WR_IN,678,2089370900455452,239483071,0,1,0,5424,8,19900024,6,5,9328.136
23108,8849.844,18879668,WR_IN,679,2089370900456444,239483072,0,1,0,5432,8,19910360,6,5,9332.981
23136,8850.336,18880716,WR_IN,680,2089370900457492,239483073,0,1,0,5440,8,19898612,6,5,9327.474
23164,8850.851,18881816,WR_IN,681,2089370900458592,239483074,0,1,0,5448,8,20340116,6,5,9534.429
23192,8851.367,18882916,WR_IN,682,2089370900459692,239483075,0,1,0,5456,8,20346672,6,5,9537.503
23220,8851.924,18884104,WR_IN,683,2089370900460880,239483076,0,1,0,5464,8,19896676,6,5,9326.567
23248,8852.393,18885104,WR_IN,684,2089370900461880,239483077,0,1,0,5472,8,19896300,6,5,9326.391
23276,8852.850,18886080,WR_IN,685,2089370900462856,239483078,0,1,0,5480,8,20344268,6,5,9536.376
23304,8853.315,18887072,WR_IN,686,2089370900463848,239483079,0,1,0,5488,8,19895364,6,5,9325.952
23332,8853.825,18888160,WR_IN,687,2089370900464936,239483080,0,1,0,5496,8,20342796,6,5,9535.686
23360,8854.288,18889148,WR_IN,688,2089370900465924,239483081,0,1,0,5504,8,20343836,6,5,9536.173
23388,8854.834,18890312,WR_IN,689,2089370900467088,239483082,0,1,0,5512,8,20359820,6,5,9543.666
23416,8855.319,18891348,WR_IN,690,2089370900468124,239483083,0,1,0,5520,8,20343144,6,5,9535.849
23444,8855.760,18892288,WR_IN,691,2089370900469064,239483084,0,1,0,5528,8,20358484,6,5,9543.039
23472,8856.229,18893288,WR_IN,692,2089370900470064,239483085,0,1,0,5536,8,20342036,6,5,9535.329
23500,8856.698,18894288,WR_IN,693,2089370900471064,239483086,0,1,0,5544,8,20357504,6,5,9542.580
23528,8857.208,18895376,WR_IN,694,2089370900472152,239483087,0,1,0,5552,8,20343036,6,5,9535.798
23556,8857.725,18896480,WR_IN,695,2089370900473256,239483088,0,1,0,5560,8,20355976,6,5,9541.864
23584,8858.243,18897584,WR_IN,696,2089370900474360,239483089,0,1,0,5568,8,20342744,6,5,9535.661
23612,8858.762,18898692,WR_IN,697,2089370900475468,239483090,0,1,0,5576,8,20354364,6,5,9541.108
23640,8859.225,18899680,WR_IN,698,2089370900476456,239483091,0,1,0,5584,8,20341720,6,5,9535.181
23668,8859.763,18900828,WR_IN,699,2089370900477604,239483092,0,1,0,5592,8,20352840,6,5,9540.394
23696,8860.256,18901880,WR_IN,700,2089370900478656,239483093,0,1,0,5600,8,20746500,6,5,9724.922
23724,8860.719,18902868,WR_IN,701,2089370900479644,239483094,0,1,0,5608,8,20340220,6,5,9534.478
23752,8861.199,18903892,WR_IN,702,2089370900480668,239483095,0,1,0,5616,8,20341088,6,5,9534.885
23780,8861.679,18904916,WR_IN,703,2089370900481692,239483096,0,1,0,5624,8,20744232,6,5,9723.859
23808,8862.182,18905988,WR_IN,704,2089370900482764,239483097,0,1,0,5632,8,20339644,6,5,9534.208
23836,8862.660,18907008,WR_IN,705,2089370900483784,239483098,0,1,0,5640,8,20743668,6,5,9723.594
23864,8863.123,18907996,WR_IN,706,2089370900484772,239483099,0,1,0,5648,8,20339656,6,5,9534.214
23892,8863.611,18909036,WR_IN,707,2089370900485812,239483100,0,1,0,5656,8,20742316,6,5,9722.961
23920,8864.126,18910136,WR_IN,708,2089370900486912,239483101,0,1,0,5664,8,20741908,6,5,9722.769
23948,8864.589,18911124,WR_IN,709,2089370900487900,239483102,0,1,0,5672,8,20754956,6,5,9728.886
23976,8865.051,18912108,WR_IN,710,2089370900488884,239483103,0,1,0,5680,8,20741412,6,5,9722.537
24004,8865.514,18913096,WR_IN,711,2089370900489872,239483104,0,1,0,5688,8,20753588,6,5,9728.244
24032,8865.984,18914100,WR_IN,712,2089370900490876,239483105,0,1,0,5696,8,20741536,6,5,9722.595
24060,8866.449,18915092,WR_IN,713,2089370900491868,239483106,0,1,0,5704,8,21181648,6,5,9928.898
24088,8866.963,18916188,WR_IN,714,2089370900492964,239483107,0,1,0,5712,8,20741440,6,5,9722.550
24116,8867.591,18917528,WR_IN,715,2089370900494304,239483108,0,1,0,5720,8,21181252,6,5,9928.712
24144,8868.109,18918632,WR_IN,716,2089370900495408,239483109,0,1,0,5728,8,20739676,6,5,9721.723
24172,8868.564,18919604,WR_IN,717,2089370900496380,239483110,0,1,0,5736,8,21179876,6,5,9928.067
24200,8869.033,18920604,WR_IN,718,2089370900497380,239483111,0,1,0,5744,8,21179516,6,5,9927.898
24228,8869.491,18921580,WR_IN,719,2089370900498356,239483112,0,1,0,5752,8,20737948,6,5,9720.913
24256,8870.016,18922700,WR_IN,720,2089370900499476,239483113,0,1,0,5760,8,20737496,6,5,9720.701
24284,8870.481,18923692,WR_IN,721,2089370900500468,239483114,0,1,0,5768,8,21184564,6,5,9930.264
24312,8870.944,18924680,WR_IN,722,2089370900501456,239483115,0,1,0,5776,8,20737348,6,5,9720.632
24340,8871.428,18925712,WR_IN,723,2089370900502488,239483116,0,1,0,5784,8,21183164,6,5,9929.608
24368,8871.923,18926768,WR_IN,724,2089370900503544,239483117,0,1,0,5792,8,20736940,6,5,9720.441
24396,8872.463,18927920,WR_IN,725,2089370900504696,239483118,0,1,0,5800,8,21182968,6,5,9929.516
24424,8872.922,18928900,WR_IN,726,2089370900505676,239483119,0,1,0,5808,8,20735468,6,5,9719.751
24452,8873.423,18929968,WR_IN,727,2089370900506744,239483120,0,1,0,5816,8,21181568,6,5,9928.860
24480,8873.951,18931096,WR_IN,728,2089370900507872,239483121,0,1,0,5824,8,20734324,6,5,9719.214
24508,8874.480,18932224,WR_IN,729,2089370900509000,239483122,0,1,0,5832,8,21189128,6,5,9932.404
24536,8875.026,18933388,WR_IN,730,2089370900510164,239483123,0,1,0,5840,8,21178792,6,5,9927.559
24564,8875.479,18934356,WR_IN,731,2089370900511132,239483124,0,1,0,5848,8,21189448,6,5,9932.554
24592,8875.982,18935428,WR_IN,732,2089370900512204,239483125,0,1,0,5856,8,21178920,6,5,9927.619
24620,8876.498,18936528,WR_IN,733,2089370900513304,239483126,0,1,0,5864,8,21187900,6,5,9931.828
24648,8876.951,18937496,WR_IN,734,2089370900514272,239483127,0,1,0,5872,8,21177508,6,5,9926.957
24676,8877.386,18938424,WR_IN,735,2089370900515200,239483128,0,1,0,5880,8,21186772,6,5,9931.299
24704,8877.849,18939412,WR_IN,736,2089370900516188,239483129,0,1,0,5888,8,21187024,6,5,9931.418
24732,8878.371,18940524,WR_IN,737,2089370900517300,239483130,0,1,0,5896,8,21175692,6,5,9926.106
24760,8878.883,18941616,WR_IN,738,2089370900518392,239483131,0,1,0,5904,8,21175232,6,5,9925.890
24788,8879.340,18942592,WR_IN,739,2089370900519368,239483132,0,1,0,5912,8,21619504,6,5,10134.143
24816,8879.837,18943652,WR_IN,740,2089370900520428,239483133,0,1,0,5920,8,21174320,6,5,9925.463
24844,8880.371,18944792,WR_IN,741,2089370900521568,239483134,0,1,0,5928,8,21618084,6,5,10133.477
24872,8880.872,18945860,WR_IN,742,2089370900522636,239483135,0,1,0,5936,8,21173160,6,5,9924.919
24900,8881.331,18946840,WR_IN,743,2089370900523616,239483136,0,1,0,5944,8,21616672,6,5,10132.815
24928,8881.843,18947932,WR_IN,744,2089370900524708,239483137,0,1,0,5952,8,21172136,6,5,9924.439
24956,8882.314,18948936,WR_IN,745,2089370900525712,239483138,0,1,0,5960,8,21615164,6,5,10132.108
24984,8882.813,18950000,WR_IN,746,2089370900526776,239483139,0,1,0,5968,8,21170740,6,5,9923.784
25012,8883.268,18950972,WR_IN,747,2089370900527748,239483140,0,1,0,5976,8,21613756,6,5,10131.448
25040,8883.767,18952036,WR_IN,748,2089370900528812,239483141,0,1,0,5984,8,21613284,6,5,10131.227
25068,8884.241,18953048,WR_IN,749,2089370900529824,239483142,0,1,0,5992,8,21626640,6,5,10137.488
25096,8884.757,18954148,WR_IN,750,2089370900530924,239483143,0,1,0,6000,8,21613076,6,5,10131.129
25124,8885.229,18955156,WR_IN,751,2089370900531932,239483144,0,1,0,6008,8,21625188,6,5,10136.807
25152,8885.723,18956208,WR_IN,752,2089370900532984,239483145,0,1,0,6016,8,21611668,6,5,10130.469
25180,8886.242,18957316,WR_IN,753,2089370900534092,239483146,0,1,0,6024,8,21623652,6,5,10136.087
25208,8886.703,18958300,WR_IN,754,2089370900535076,239483147,0,1,0,6032,8,21623280,6,5,10135.913
25236,8887.209,18959380,WR_IN,755,2089370900536156,239483148,0,1,0,6040,8,21610364,6,5,10129.858
25264,8887.678,18960380,WR_IN,756,2089370900537156,239483149,0,1,0,6048,8,21610020,6,5,10129.697
25292,8888.136,18961356,WR_IN,757,2089370900538132,239483150,0,1,0,6056,8,21621260,6,5,10134.966
25320,8888.606,18962360,WR_IN,758,2089370900539136,239483151,0,1,0,6064,8,21609116,6,5,10129.273
25348,8889.126,18963468,WR_IN,759,2089370900540244,239483152,0,1,0,6072,8,21619812,6,5,10134.287
25376,8889.591,18964460,WR_IN,760,2089370900541236,239483153,0,1,0,6080,8,21608696,6,5,10129.076
25404,8896.084,18978312,WR_IN,761,2089370900555088,239483154,0,1,0,6088,8,21605584,6,5,10127.618
25432,8896.937,18980132,WR_IN,762,2089370900556908,239483155,0,1,0,6096,8,21594052,6,5,10122.212
25460,8898.103,18982620,WR_IN,763,2089370900559396,239483156,0,1,0,6104,8,21601884,6,5,10125.883
25488,8898.621,18983724,WR_IN,764,2089370900560500,239483157,0,1,0,6112,8,21591124,6,5,10120.839
25516,8899.363,18985308,WR_IN,765,2089370900562084,239483158,0,1,0,6120,8,22013308,6,5,10318.738
25544,8900.363,18987440,WR_IN,766,2089370900564216,239483159,0,1,0,6128,8,21588024,6,5,10119.386
25572,8901.210,18989248,WR_IN,767,2089370900566024,239483160,0,1,0,6136,8,22010600,6,5,10317.469
25600,8902.039,18991016,WR_IN,768,2089370900567792,239483161,0,1,0,6144,8,21586376,6,5,10118.614
25628,8902.939,18992936,WR_IN,769,2089370900569712,239483162,0,1,0,6152,8,22008452,6,5,10316.462
25656,8903.736,18994636,WR_IN,770,2089370900571412,239483163,0,1,0,6160,8,22008244,6,5,10316.364
25684,8904.690,18996672,WR_IN,771,2089370900573448,239483164,0,1,0,6168,8,22029768,6,5,10326.454
25712,8905.549,18998504,WR_IN,772,2089370900575280,239483165,0,1,0,6176,8,22028776,6,5,10325.989
25740,8906.381,19000280,WR_IN,773,2089370900577056,239483166,0,1,0,6184,8,22003248,6,5,10314.023
25768,8907.293,19002224,WR_IN,774,2089370900579000,239483167,0,1,0,6192,8,22011680,6,5,10317.975
25796,8908.097,19003940,WR_IN,775,2089370900580716,239483168,0,1,0,6200,8,22023956,6,5,10323.729
25824,8909.089,19006056,WR_IN,776,2089370900582832,239483169,0,1,0,6208,8,22008556,6,5,10316.511
25852,8909.925,19007840,WR_IN,777,2089370900584616,239483170,0,1,0,6216,8,22020684,6,5,10322.196
25880,8910.791,19009688,WR_IN,778,2089370900586464,239483171,0,1,0,6224,8,22007244,6,5,10315.896
25908,8911.586,19011384,WR_IN,779,2089370900588160,239483172,0,1,0,6232,8,22017744,6,5,10320.818
25936,8912.507,19013348,WR_IN,780,2089370900590124,239483173,0,1,0,6240,8,22004436,6,5,10314.579
25964,8913.591,19015660,WR_IN,781,2089370900592436,239483174,0,1,0,6248,8,22381436,6,5,10491.298
25992,8914.506,19017612,WR_IN,782,2089370900594388,239483175,0,1,0,6256,8,22001216,6,5,10313.070
26020,8915.370,19019456,WR_IN,783,2089370900596232,239483176,0,1,0,6264,8,22378468,6,5,10489.907
26048,8916.221,19021272,WR_IN,784,2089370900598048,239483177,0,1,0,6272,8,21999904,6,5,10312.455
26076,8917.048,19023036,WR_IN,785,2089370900599812,239483178,0,1,0,6280,8,22375520,6,5,10488.525
26104,8917.644,19024308,WR_IN,786,2089370900601084,239483179,0,1,0,6288,8,21997856,6,5,10311.495
26132,8918.423,19025968,WR_IN,787,2089370900602744,239483180,0,1,0,6296,8,22374520,6,5,10488.056
26160,8919.377,19028004,WR_IN,788,2089370900604780,239483181,0,1,0,6304,8,21994836,6,5,10310.079
26188,8920.309,19029992,WR_IN,789,2089370900606768,239483182,0,1,0,6312,8,22371144,6,5,10486.474
26216,8921.289,19032084,WR_IN,790,2089370900608860,239483183,0,1,0,6320,8,22381108,6,5,10491.144
26244,8922.197,19034020,WR_IN,791,2089370900610796,239483184,0,1,0,6328,8,22367708,6,5,10484.863
26272,8923.029,19035796,WR_IN,792,2089370900612572,239483185,0,1,0,6336,8,22367976,6,5,10484.989
26300,8923.864,19037576,WR_IN,793,2089370900614352,239483186,0,1,0,6344,8,22766728,6,5,10671.904
26328,8924.833,19039644,WR_IN,794,2089370900616420,239483187,0,1,0,6352,8,22364820,6,5,10483.509
26356,8925.696,19041484,WR_IN,795,2089370900618260,239483188,0,1,0,6360,8,22764556,6,5,10670.886
26384,8926.193,19042544,WR_IN,796,2089370900619320,239483189,0,1,0,6368,8,22363972,6,5,10483.112
26412,8926.648,19043516,WR_IN,797,2089370900620292,239483190,0,1,0,6376,8,22763180,6,5,10670.241
26440,8927.188,19044668,WR_IN,798,2089370900621444,239483191,0,1,0,6384,8,22362488,6,5,10482.416
26468,8927.670,19045696,WR_IN,799,2089370900622472,239483192,0,1,0,6392,8,22761748,6,5,10669.569
26496,8928.178,19046780,WR_IN,800,2089370900623556,239483193,0,1,0,6400,8,22361456,6,5,10481.933
26524,8928.647,19047780,WR_IN,801,2089370900624556,239483194,0,1,0,6408,8,22760292,6,5,10668.887
26552,8929.101,19048748,WR_IN,802,2089370900625524,239483195,0,1,0,6416,8,22360140,6,5,10481.316
26580,8929.569,19049748,WR_IN,803,2089370900626524,239483196,0,1,0,6424,8,22758928,6,5,10668.248
26608,8930.079,19050836,WR_IN,804,2089370900627612,239483197,0,1,0,6432,8,22359056,6,5,10480.808
26636,8930.541,19051820,WR_IN,805,2089370900628596,239483198,0,1,0,6440,8,22757476,6,5,10667.567
26664,8931.008,19052816,WR_IN,806,2089370900629592,239483199,0,1,0,6448,8,22358060,6,5,10480.341
26692,8931.549,19053972,WR_IN,807,2089370900630748,239483200,0,1,0,6456,8,22757584,6,5,10667.618
26720,8932.007,19054948,WR_IN,808,2089370900631724,239483201,0,1,0,6464,8,22757636,6,5,10667.642
26748,8932.513,19056028,WR_IN,809,2089370900632804,239483202,0,1,0,6472,8,22355508,6,5,10479.144
26776,8932.997,19057060,WR_IN,810,2089370900633836,239483203,0,1,0,6480,8,22355496,6,5,10479.139
26804,8933.539,19058216,WR_IN,811,2089370900634992,239483204,0,1,0,6488,8,22763952,6,5,10670.603
26832,8934.054,19059316,WR_IN,812,2089370900636092,239483205,0,1,0,6496,8,22754092,6,5,10665.981
26860,8934.521,19060312,WR_IN,813,2089370900637088,239483206,0,1,0,6504,8,22762972,6,5,10670.143
26888,8935.016,19061368,WR_IN,814,2089370900638144,239483207,0,1,0,6512,8,22753052,6,5,10665.493
26916,8935.511,19062424,WR_IN,815,2089370900639200,239483208,0,1,0,6520,8,23144276,6,5,10848.879
26944,8936.023,19063516,WR_IN,816,2089370900640292,239483209,0,1,0,6528,8,22751584,6,5,10664.805
26972,8936.501,19064536,WR_IN,817,2089370900641312,239483210,0,1,0,6536,8,23142944,6,5,10848.255
27000,8936.961,19065516,WR_IN,818,2089370900642292,239483211,0,1,0,6544,8,22751628,6,5,10664.826
27028,8937.431,19066520,WR_IN,819,2089370900643296,239483212,0,1,0,6552,8,23141596,6,5,10847.623
27056,8937.919,19067560,WR_IN,820,2089370900644336,239483213,0,1,0,6560,8,22750280,6,5,10664.194
27084,8938.386,19068556,WR_IN,821,2089370900645332,239483214,0,1,0,6568,8,23141444,6,5,10847.552
27112,8938.856,19069560,WR_IN,822,2089370900646336,239483215,0,1,0,6576,8,22748896,6,5,10663.545
27140,8939.318,19070544,WR_IN,823,2089370900647320,239483216,0,1,0,6584,8,23140140,6,5,10846.941
27168,8939.792,19071556,WR_IN,824,2089370900648332,239483217,0,1,0,6592,8,22747928,6,5,10663.091
27196,8940.257,19072548,WR_IN,825,2089370900649324,239483218,0,1,0,6600,8,23138756,6,5,10846.292
27224,8940.778,19073660,WR_IN,826,2089370900650436,239483219,0,1,0,6608,8,23138268,6,5,10846.063
27252,8941.328,19074832,WR_IN,827,2089370900651608,239483220,0,1,0,6616,8,22745312,6,5,10661.865
27280,8941.821,19075884,WR_IN,828,2089370900652660,239483221,0,1,0,6624,8,22745280,6,5,10661.850
27308,8942.276,19076856,WR_IN,829,2089370900653632,239483222,0,1,0,6632,8,23154672,6,5,10853.753
27336,8942.739,19077844,WR_IN,830,2089370900654620,239483223,0,1,0,6640,8,23134716,6,5,10844.398
27364,8943.276,19078988,WR_IN,831,2089370900655764,239483224,0,1,0,6648,8,23153620,6,5,10853.259
27392,8943.958,19080444,WR_IN,832,2089370900657220,239483225,0,1,0,6656,8,23134088,6,5,10844.104
27420,8944.431,19081452,WR_IN,833,2089370900658228,239483226,0,1,0,6664,8,23151792,6,5,10852.403
27448,8944.901,19082456,WR_IN,834,2089370900659232,239483227,0,1,0,6672,8,23132712,6,5,10843.459
27476,8945.458,19083644,WR_IN,835,2089370900660420,239483228,0,1,0,6680,8,23565808,6,5,11046.473
27504,8945.983,19084764,WR_IN,836,2089370900661540,239483229,0,1,0,6688,8,23140188,6,5,10846.963
27532,8946.448,19085756,WR_IN,837,2089370900662532,239483230,0,1,0,6696,8,23564480,6,5,11045.850
27560,8946.930,19086784,WR_IN,838,2089370900663560,239483231,0,1,0,6704,8,23138900,6,5,10846.359
27588,8947.410,19087808,WR_IN,839,2089370900664584,239483232,0,1,0,6712,8,23563060,6,5,11045.184
27616,8947.873,19088796,WR_IN,840,2089370900665572,239483233,0,1,0,6720,8,23137508,6,5,10845.707
27644,8948.336,19089784,WR_IN,841,2089370900666560,239483234,0,1,0,6728,8,23562156,6,5,11044.761
27672,8948.841,19090860,WR_IN,842,2089370900667636,239483235,0,1,0,6736,8,23136464,6,5,10845.218
27700,8949.285,19091808,WR_IN,843,2089370900668584,239483236,0,1,0,6744,8,23562168,6,5,11044.766
27728,8949.774,19092852,WR_IN,844,2089370900669628,239483237,0,1,0,6752,8,23561804,6,5,11044.596
27756,8950.236,19093836,WR_IN,845,2089370900670612,239483238,0,1,0,6760,8,23135100,6,5,10844.578
27784,8950.719,19094868,WR_IN,846,2089370900671644,239483239,0,1,0,6768,8,23135992,6,5,10844.996
27812,8951.228,19095952,WR_IN,847,2089370900672728,239483240,0,1,0,6776,8,23570844,6,5,11048.833
27840,8951.753,19097072,WR_IN,848,2089370900673848,239483241,0,1,0,6784,8,23558224,6,5,11042.918
27868,8952.193,19098012,WR_IN,849,2089370900674788,239483242,0,1,0,6792,8,23570680,6,5,11048.756
27896,8952.649,19098984,WR_IN,850,2089370900675760,239483243,0,1,0,6800,8,23558496,6,5,11043.045
27924,8953.142,19100036,WR_IN,851,2089370900676812,239483244,0,1,0,6808,8,23569664,6,5,11048.280
27952,8953.667,19101156,WR_IN,852,2089370900677932,239483245,0,1,0,6816,8,23557388,6,5,11042.526
27980,8954.124,19102132,WR_IN,853,2089370900678908,239483246,0,1,0,6824,8,23568252,6,5,11047.618
28008,8954.589,19103124,WR_IN,854,2089370900679900,239483247,0,1,0,6832,8,23556072,6,5,11041.909
28036,8955.058,19104124,WR_IN,855,2089370900680900,239483248,0,1,0,6840,8,23566856,6,5,11046.964
28064,8955.519,19105108,WR_IN,856,2089370900681884,239483249,0,1,0,6848,8,23554728,6,5,11041.279
28092,8955.975,19106080,WR_IN,857,2089370900682856,239483250,0,1,0,6856,8,23565884,6,5,11046.508
28120,8956.451,19107096,WR_IN,858,2089370900683872,239483251,0,1,0,6864,8,23554408,6,5,11041.129
28148,8956.898,19108048,WR_IN,859,2089370900684824,239483252,0,1,0,6872,8,23961192,6,5,11231.809
28176,8957.374,19109064,WR_IN,860,2089370900685840,239483253,0,1,0,6880,8,23553160,6,5,11040.544
28204,8957.874,19110132,WR_IN,861,2089370900686908,239483254,0,1,0,6888,8,23959840,6,5,11231.175
28232,8958.326,19111096,WR_IN,862,2089370900687872,239483255,0,1,0,6896,8,23960848,6,5,11231.648
28260,8958.795,19112096,WR_IN,863,2089370900688872,239483256,0,1,0,6904,8,23551928,6,5,11039.966
28288,8959.314,19113204,WR_IN,864,2089370900689980,239483257,0,1,0,6912,8,23551476,6,5,11039.754
28316,8959.776,19114188,WR_IN,865,2089370900690964,239483258,0,1,0,6920,8,23958420,6,5,11230.509
28344,8960.265,19115232,WR_IN,866,2089370900692008,239483259,0,1,0,6928,8,23550056,6,5,11039.089
28372,8960.736,19116236,WR_IN,867,2089370900693012,239483260,0,1,0,6936,8,23971680,6,5,11236.725
28400,8961.251,19117336,WR_IN,868,2089370900694112,239483261,0,1,0,6944,8,23956524,6,5,11229.621
28428,8961.714,19118324,WR_IN,869,2089370900695100,239483262,0,1,0,6952,8,23970220,6,5,11236.041
28456,8962.172,19119300,WR_IN,870,2089370900696076,239483263,0,1,0,6960,8,23956564,6,5,11229.639
28484,8962.691,19120408,WR_IN,871,2089370900697184,239483264,0,1,0,6968,8,23970000,6,5,11235.938
28512,8963.213,19121520,WR_IN,872,2089370900698296,239483265,0,1,0,6976,8,23955016,6,5,11228.914
28540,8963.674,19122504,WR_IN,873,2089370900699280,239483266,0,1,0,6984,8,24371480,6,5,11424.131
28568,8964.137,19123492,WR_IN,874,2089370900700268,239483267,0,1,0,6992,8,23955964,6,5,11229.358
28596,8964.604,19124488,WR_IN,875,2089370900701264,239483268,0,1,0,7000,8,24370300,6,5,11423.578
28624,8965.065,19125472,WR_IN,876,2089370900702248,239483269,0,1,0,7008,8,23954660,6,5,11228.747
28652,8965.536,19126476,WR_IN,877,2089370900703252,239483270,0,1,0,7016,8,24376592,6,5,11426.528
28680,8966.051,19127576,WR_IN,878,2089370900704352,239483271,0,1,0,7024,8,23953624,6,5,11228.261
28708,8966.513,19128560,WR_IN,879,2089370900705336,239483272,0,1,0,7032,8,24376604,6,5,11426.533
28736,8966.968,19129532,WR_IN,880,2089370900706308,239483273,0,1,0,7040,8,24376296,6,5,11426.389
28764,8967.428,19130512,WR_IN,881,2089370900707288,239483274,0,1,0,7048,8,23952228,6,5,11227.607
28792,8967.894,19131508,WR_IN,882,2089370900708284,239483275,0,1,0,7056,8,23953040,6,5,11227.988
28820,8968.363,19132508,WR_IN,883,2089370900709284,239483276,0,1,0,7064,8,24373916,6,5,11425.273
28848,8968.871,19133592,WR_IN,884,2089370900710368,239483277,0,1,0,7072,8,23952852,6,5,11227.899
28876,8969.333,19134576,WR_IN,885,2089370900711352,239483278,0,1,0,7080,8,24372632,6,5,11424.671
28904,8969.814,19135604,WR_IN,886,2089370900712380,239483279,0,1,0,7088,8,23951504,6,5,11227.268
28932,8970.294,19136628,WR_IN,887,2089370900713404,239483280,0,1,0,7096,8,24384212,6,5,11430.099
28960,8976.816,19150540,WR_IN,888,2089370900727316,239483281,0,1,0,7104,8,24358196,6,5,11417.904
28988,8977.648,19152316,WR_IN,889,2089370900729092,239483282,0,1,0,7112,8,24369184,6,5,11423.055
29016,8978.618,19154384,WR_IN,890,2089370900731160,239483283,0,1,0,7120,8,24356448,6,5,11417.085
29044,8979.478,19156220,WR_IN,891,2089370900732996,239483284,0,1,0,7128,8,24367124,6,5,11422.089
29072,8980.418,19158224,WR_IN,892,2089370900735000,239483285,0,1,0,7136,8,24354484,6,5,11416.164
29100,8981.164,19159816,WR_IN,893,2089370900736592,239483286,0,1,0,7144,8,24364168,6,5,11420.704
29128,8982.178,19161980,WR_IN,894,2089370900738756,239483287,0,1,0,7152,8,24351396,6,5,11414.717
29156,8983.050,19163840,WR_IN,895,2089370900740616,239483288,0,1,0,7160,8,24360768,6,5,11419.110
29184,8983.888,19165628,WR_IN,896,2089370900742404,239483289,0,1,0,7168,8,24348404,6,5,11413.314
29212,8984.882,19167748,WR_IN,897,2089370900744524,239483290,0,1,0,7176,8,24357472,6,5,11417.565
29240,8985.763,19169628,WR_IN,898,2089370900746404,239483291,0,1,0,7184,8,24724880,6,5,11589.788
29268,8986.566,19171340,WR_IN,899,2089370900748116,239483292,0,1,0,7192,8,24343332,6,5,11410.937
29296,8987.413,19173148,WR_IN,900,2089370900749924,239483293,0,1,0,7200,8,24343412,6,5,11410.974
29324,8988.480,19175424,WR_IN,901,2089370900752200,239483294,0,1,0,7208,8,24726892,6,5,11590.731
29352,8989.307,19177188,WR_IN,902,2089370900753964,239483295,0,1,0,7216,8,24340816,6,5,11409.758
29380,8990.209,19179112,WR_IN,903,2089370900755888,239483296,0,1,0,7224,8,24725224,6,5,11589.949
29408,8991.129,19181076,WR_IN,904,2089370900757852,239483297,0,1,0,7232,8,24337908,6,5,11408.394
29436,8991.968,19182864,WR_IN,905,2089370900759640,239483298,0,1,0,7240,8,24722172,6,5,11588.518
29464,8992.836,19184716,WR_IN,906,2089370900761492,239483299,0,1,0,7248,8,24720980,6,5,11587.959
29492,8993.666,19186488,WR_IN,907,2089370900763264,239483300,0,1,0,7256,8,24732700,6,5,11593.453
29520,8994.504,19188276,WR_IN,908,2089370900765052,239483301,0,1,0,7264,8,24719088,6,5,11587.073
29548,8995.476,19190348,WR_IN,909,2089370900767124,239483302,0,1,0,7272,8,24729476,6,5,11591.942
29576,8996.329,19192168,WR_IN,910,2089370900768944,239483303,0,1,0,7280,8,24716028,6,5,11585.638
29604,8997.167,19193956,WR_IN,911,2089370900770732,239483304,0,1,0,7288,8,25104796,6,5,11767.873
29632,8998.067,19195876,WR_IN,912,2089370900772652,239483305,0,1,0,7296,8,24713552,6,5,11584.478
29660,8998.922,19197700,WR_IN,913,2089370900774476,239483306,0,1,0,7304,8,25101844,6,5,11766.489
29688,8999.833,19199644,WR_IN,914,2089370900776420,239483307,0,1,0,7312,8,24711672,6,5,11583.596
29716,9000.683,19201456,WR_IN,915,2089370900778232,239483308,0,1,0,7320,8,25099644,6,5,11765.458
29744,9001.521,19203244,WR_IN,916,2089370900780020,239483309,0,1,0,7328,8,25098516,6,5,11764.929
29772,9002.364,19205044,WR_IN,917,2089370900781820,239483310,0,1,0,7336,8,24707360,6,5,11581.575
29800,9003.203,19206832,WR_IN,918,2089370900783608,239483311,0,1,0,7344,8,24706232,6,5,11581.046
29828,9003.771,19208044,WR_IN,919,2089370900784820,239483312,0,1,0,7352,8,25094348,6,5,11762.976
29856,9004.708,19210044,WR_IN,920,2089370900786820,239483313,0,1,0,7360,8,24705016,6,5,11580.476
29884,9005.586,19211916,WR_IN,921,2089370900788692,239483314,0,1,0,7368,8,25091080,6,5,11761.444
29912,9006.538,19213948,WR_IN,922,2089370900790724,239483315,0,1,0,7376,8,24701788,6,5,11578.963
29940,9007.119,19215188,WR_IN,923,2089370900791964,239483316,0,1,0,7384,8,25089524,6,5,11760.714
29968,9007.571,19216152,WR_IN,924,2089370900792928,239483317,0,1,0,7392,8,24700200,6,5,11578.219
29996,9008.064,19217204,WR_IN,925,2089370900793980,239483318,0,1,0,7400,8,25105736,6,5,11768.314
30024,9008.541,19218220,WR_IN,926,2089370900794996,239483319,0,1,0,7408,8,24700292,6,5,11578.262
30052,9009.004,19219208,WR_IN,927,2089370900795984,239483320,0,1,0,7416,8,25104388,6,5,11767.682
30080,9009.465,19220192,WR_IN,928,2089370900796968,239483321,0,1,0,7424,8,25093792,6,5,11762.715
30108,9009.932,19221188,WR_IN,929,2089370900797964,239483322,0,1,0,7432,8,25103052,6,5,11767.056
30136,9010.389,19222164,WR_IN,930,2089370900798940,239483323,0,1,0,7440,8,25092492,6,5,11762.106
30164,9010.853,19223152,WR_IN,931,2089370900799928,239483324,0,1,0,7448,8,25101700,6,5,11766.422
30192,9011.318,19224144,WR_IN,932,2089370900800920,239483325,0,1,0,7456,8,25091208,6,5,11761.504
30220,9011.790,19225152,WR_IN,933,2089370900801928,239483326,0,1,0,7464,8,25490100,6,5,11948.484
30248,9012.266,19226168,WR_IN,934,2089370900802944,239483327,0,1,0,7472,8,25489792,6,5,11948.340
30276,9012.729,19227156,WR_IN,935,2089370900803932,239483328,0,1,0,7480,8,25088852,6,5,11760.399
30304,9013.204,19228168,WR_IN,936,2089370900804944,239483329,0,1,0,7488,8,25090284,6,5,11761.071
30332,9013.721,19229272,WR_IN,937,2089370900806048,239483330,0,1,0,7496,8,25487352,6,5,11947.196
30360,9014.184,19230260,WR_IN,938,2089370900807036,239483331,0,1,0,7504,8,25089236,6,5,11760.579
30388,9014.655,19231264,WR_IN,939,2089370900808040,239483332,0,1,0,7512,8,25485988,6,5,11946.557
30416,9015.120,19232256,WR_IN,940,2089370900809032,239483333,0,1,0,7520,8,25088332,6,5,11760.156
30444,9015.587,19233252,WR_IN,941,2089370900810028,239483334,0,1,0,7528,8,25485588,6,5,11946.369
30472,9016.059,19234260,WR_IN,942,2089370900811036,239483335,0,1,0,7536,8,25086992,6,5,11759.528
30500,9016.526,19235256,WR_IN,943,2089370900812032,239483336,0,1,0,7544,8,25495532,6,5,11951.031
30528,9016.993,19236252,WR_IN,944,2089370900813028,239483337,0,1,0,7552,8,25085640,6,5,11758.894
30556,9017.471,19237272,WR_IN,945,2089370900814048,239483338,0,1,0,7560,8,25494760,6,5,11950.669
30584,9017.953,19238300,WR_IN,946,2089370900815076,239483339,0,1,0,7568,8,25482468,6,5,11944.907
30612,9018.420,19239296,WR_IN,947,2089370900816072,239483340,0,1,0,7576,8,25493384,6,5,11950.024
30640,9018.878,19240272,WR_IN,948,2089370900817048,239483341,0,1,0,7584,8,25481484,6,5,11944.446
30668,9019.389,19241364,WR_IN,949,2089370900818140,239483342,0,1,0,7592,8,25933144,6,5,12156.161
30696,9019.851,19242348,WR_IN,950,2089370900819124,239483343,0,1,0,7600,8,25482304,6,5,11944.830
30724,9020.319,19243348,WR_IN,951,2089370900820124,239483344,0,1,0,7608,8,25932760,6,5,12155.981
30752,9020.777,19244324,WR_IN,952,2089370900821100,239483345,0,1,0,7616,8,25932512,6,5,12155.865
30780,9021.249,19245332,WR_IN,953,2089370900822108,239483346,0,1,0,7624,8,25480392,6,5,11943.934
30808,9021.713,19246320,WR_IN,954,2089370900823096,239483347,0,1,0,7632,8,25480092,6,5,11943.793
30836,9022.204,19247368,WR_IN,955,2089370900824144,239483348,0,1,0,7640,8,25930072,6,5,12154.721
30864,9022.669,19248360,WR_IN,956,2089370900825136,239483349,0,1,0,7648,8,25479080,6,5,11943.319
30892,9023.136,19249356,WR_IN,957,2089370900826132,239483350,0,1,0,7656,8,25928708,6,5,12154.082
30920,9023.595,19250336,WR_IN,958,2089370900827112,239483351,0,1,0,7664,8,25477764,6,5,11942.702
30948,9024.058,19251324,WR_IN,959,2089370900828100,239483352,0,1,0,7672,8,25928612,6,5,12154.037
30976,9024.521,19252312,WR_IN,960,2089370900829088,239483353,0,1,0,7680,8,25476828,6,5,11942.263
31004,9024.984,19253300,WR_IN,961,2089370900830076,239483354,0,1,0,7688,8,25927272,6,5,12153.409
31032,9025.442,19254276,WR_IN,962,2089370900831052,239483355,0,1,0,7696,8,25475848,6,5,11941.804
31060,9025.916,19255288,WR_IN,963,2089370900832064,239483356,0,1,0,7704,8,25936812,6,5,12157.881
31088,9026.428,19256380,WR_IN,964,2089370900833156,239483357,0,1,0,7712,8,25924832,6,5,12152.265
31116,9026.948,19257488,WR_IN,965,2089370900834264,239483358,0,1,0,7720,8,25935240,6,5,12157.144
31144,9027.411,19258476,WR_IN,966,2089370900835252,239483359,0,1,0,7728,8,25924776,6,5,12152.239
31172,9027.878,19259472,WR_IN,967,2089370900836248,239483360,0,1,0,7736,8,25933896,6,5,12156.514
31200,9028.344,19260468,WR_IN,968,2089370900837244,239483361,0,1,0,7744,8,25923880,6,5,12151.819
31228,9028.813,19261468,WR_IN,969,2089370900838244,239483362,0,1,0,7752,8,25932520,6,5,12155.869
31256,9029.271,19262444,WR_IN,970,2089370900839220,239483363,0,1,0,7760,8,25933644,6,5,12156.396
31284,9029.732,19263428,WR_IN,971,2089370900840204,239483364,0,1,0,7768,8,25921572,6,5,12150.737
31312,9030.216,19264460,WR_IN,972,2089370900841236,239483365,0,1,0,7776,8,25922412,6,5,12151.131
31340,9030.765,19265632,WR_IN,973,2089370900842408,239483366,0,1,0,7784,8,25931092,6,5,12155.199
31368,9031.236,19266636,WR_IN,974,2089370900843412,239483367,0,1,0,7792,8,25921672,6,5,12150.784
31396,9031.708,19267644,WR_IN,975,2089370900844420,239483368,0,1,0,7800,8,26328560,6,5,12341.513
31424,9032.171,19268632,WR_IN,976,2089370900845408,239483369,0,1,0,7808,8,25920336,6,5,12150.158
31452,9032.634,19269620,WR_IN,977,2089370900846396,239483370,0,1,0,7816,8,26327388,6,5,12340.963
31480,9033.096,19270604,WR_IN,978,2089370900847380,239483371,0,1,0,7824,8,25918996,6,5,12149.529
31508,9033.555,19271584,WR_IN,979,2089370900848360,239483372,0,1,0,7832,8,26326064,6,5,12340.343
31536,9034.018,19272572,WR_IN,980,2089370900849348,239483373,0,1,0,7840,8,25917704,6,5,12148.924
31564,9034.500,19273600,WR_IN,981,2089370900850376,239483374,0,1,0,7848,8,26324672,6,5,12339.690
31592,9034.982,19274628,WR_IN,982,2089370900851404,239483375,0,1,0,7856,8,26325552,6,5,12340.103
31620,9035.423,19275568,WR_IN,983,2089370900852344,239483376,0,1,0,7864,8,26340208,6,5,12346.973
31648,9035.882,19276548,WR_IN,984,2089370900853324,239483377,0,1,0,7872,8,26325672,6,5,12340.159
31676,9036.351,19277548,WR_IN,985,2089370900854324,239483378,0,1,0,7880,8,26338916,6,5,12346.367
31704,9036.816,19278540,WR_IN,986,2089370900855316,239483379,0,1,0,7888,8,26324360,6,5,12339.544
31732,9037.281,19279532,WR_IN,987,2089370900856308,239483380,0,1,0,7896,8,26337552,6,5,12345.728
31760,9037.746,19280524,WR_IN,988,2089370900857300,239483381,0,1,0,7904,8,26711424,6,5,12520.980
31788,9038.214,19281524,WR_IN,989,2089370900858300,239483382,0,1,0,7912,8,26323600,6,5,12339.188
31816,9038.661,19282476,WR_IN,990,2089370900859252,239483383,0,1,0,7920,8,26323408,6,5,12339.098
31844,9039.126,19283468,WR_IN,991,2089370900860244,239483384,0,1,0,7928,8,26709316,6,5,12519.992
31872,9039.596,19284472,WR_IN,992,2089370900861248,239483385,0,1,0,7936,8,26322032,6,5,12338.453
31900,9040.061,19285464,WR_IN,993,2089370900862240,239483386,0,1,0,7944,8,26707960,6,5,12519.356
31928,9040.532,19286468,WR_IN,994,2089370900863244,239483387,0,1,0,7952,8,26321132,6,5,12338.031
31956,9040.988,19287440,WR_IN,995,2089370900864216,239483388,0,1,0,7960,8,26707532,6,5,12519.156
31984,9041.445,19288416,WR_IN,996,2089370900865192,239483389,0,1,0,7968,8,26319852,6,5,12337.431
32012,9041.903,19289392,WR_IN,997,2089370900866168,239483390,0,1,0,7976,8,26706264,6,5,12518.561
