------------------
      0.000000   1
------------------
	1 8178892672	         8
------------------
     18.415864   1
------------------
	0 8178892784	         8
------------------
     18.416282   1
------------------
	1          0	         8
------------------
     18.422545   1
------------------
	1          8	         8
------------------
     18.422811   1
------------------
	1 8178892792	         8
------------------
     18.423122   1
------------------
	1 8178892536	         8
------------------
     18.430895   1
------------------
	1 8178892736	         8
------------------
     18.431131   1
------------------
	1 8178892544	         8
------------------
     18.435357   1
------------------
	1 8178892400	         8
------------------
     18.438311   1
------------------
	1       2048	         8
------------------
     18.447388   1
------------------
	1         24	         8
------------------
     18.447622   1
------------------
	1         56	         8
------------------
     18.447862   1
------------------
	1        120	         8
------------------
     18.448086   1
------------------
	1         16	         8
------------------
     18.448266   1
------------------
	1        128	         8
------------------
     18.448446   1
------------------
	1         64	         8
------------------
     18.448627   1
------------------
	1        256	         8
------------------
     18.456457   1
------------------
	1        264	         8
------------------
     18.456661   1
------------------
	1        272	         8
------------------
     18.456833   1
------------------
	1        280	         8
------------------
     18.456996   1
------------------
	1        288	         8
------------------
     18.457184   1
------------------
	1        296	         8
------------------
     18.457287   1
------------------
	1        304	         8
------------------
     18.457426   1
------------------
	1        312	         8
------------------
     18.457567   1
------------------
	1        320	         8
------------------
     18.457672   1
------------------
	1        328	         8
------------------
     18.457757   1
------------------
	1        336	         8
------------------
     18.457892   1
------------------
	1        344	         8
------------------
     18.457991   1
------------------
	1        352	         8
------------------
     18.458079   1
------------------
	1        360	         8
------------------
     18.458165   1
------------------
	1        368	         8
------------------
     18.458250   1
------------------
	1        376	         8
------------------
     18.458336   1
------------------
	1        384	         8
------------------
     18.458421   1
------------------
	1        392	         8
------------------
     18.458509   1
------------------
	1        400	         8
------------------
     18.458596   1
------------------
	1        408	         8
------------------
     18.458681   1
------------------
	1        416	         8
------------------
     18.458767   1
------------------
	1        424	         8
------------------
     18.458852   1
------------------
	1        432	         8
------------------
     18.458938   1
------------------
	1        440	         8
------------------
     18.459024   1
------------------
	1        448	         8
------------------
     18.459110   1
------------------
	1        456	         8
------------------
     18.459196   1
------------------
	1        464	         8
------------------
     18.459282   1
------------------
	1        472	         8
------------------
     18.459367   1
------------------
	1        480	         8
------------------
     18.459453   1
------------------
	1        488	         8
------------------
     18.459539   1
------------------
	1        496	         8
------------------
     18.459625   1
------------------
	1        504	         8
------------------
     18.459711   1
------------------
	1        768	         8
------------------
     18.466831   1
------------------
	1        776	         8
------------------
     18.467031   1
------------------
	1        784	         8
------------------
     18.467255   1
------------------
	1        792	         8
------------------
     18.467467   1
------------------
	1        800	         8
------------------
     18.467675   1
------------------
	1        808	         8
------------------
     18.467821   1
------------------
	1        816	         8
------------------
     18.467961   1
------------------
	1        824	         8
------------------
     18.468099   1
------------------
	1        832	         8
------------------
     18.468250   1
------------------
	1        840	         8
------------------
     18.468390   1
------------------
	1        848	         8
------------------
     18.468531   1
------------------
	1        856	         8
------------------
     18.468676   1
------------------
	1        864	         8
------------------
     18.468817   1
------------------
	1        872	         8
------------------
     18.468914   1
------------------
	1        880	         8
------------------
     18.469001   1
------------------
	1        888	         8
------------------
     18.469088   1
------------------
	1        896	         8
------------------
     18.469174   1
------------------
	1        904	         8
------------------
     18.469260   1
------------------
	1        912	         8
------------------
     18.469347   1
------------------
	1        920	         8
------------------
     18.469433   1
------------------
	1        928	         8
------------------
     18.469520   1
------------------
	1        936	         8
------------------
     18.469606   1
------------------
	1        944	         8
------------------
     18.469693   1
------------------
	1        952	         8
------------------
     18.469780   1
------------------
	1        960	         8
------------------
     18.469866   1
------------------
	1        968	         8
------------------
     18.469953   1
------------------
	1        976	         8
------------------
     18.470039   1
------------------
	1        984	         8
------------------
     18.470125   1
------------------
	1        992	         8
------------------
     18.470214   1
------------------
	1       1000	         8
------------------
     18.470300   1
------------------
	1       1008	         8
------------------
     18.470387   1
------------------
	1       1016	         8
------------------
     18.470479   1
------------------
	1        512	         8
------------------
     18.472902   1
------------------
	1         32	         8
------------------
     18.473040   1
------------------
	1       4096	         8
------------------
     18.488570   1
------------------
	1          0	         8
------------------
     18.492496   1
------------------
	1 8178892672	         8
------------------
     18.493076   1
------------------
	1 8178892784	         8
------------------
     18.493305   1
------------------
	1          0	         8
------------------
     18.493492   1
------------------
	1          8	         8
------------------
     18.493645   1
------------------
	1 8178892792	         8
------------------
     18.493869   1
------------------
	1 8178892536	         8
------------------
     18.494190   1
------------------
	1 8178892736	         8
------------------
     18.494409   1
------------------
	1 8178892544	         8
------------------
     18.494633   1
------------------
	1 8178892400	         8
------------------
     18.494910   1
------------------
	1       2048	         8
------------------
     18.495228   1
------------------
	1         24	         8
------------------
     18.495457   1
------------------
	1         56	         8
------------------
     18.495681   1
------------------
	1        120	         8
------------------
     18.495844   1
------------------
	1         16	         8
------------------
     18.495997   1
------------------
	1        128	         8
------------------
     18.496146   1
------------------
	1         64	         8
------------------
     18.496337   1
------------------
	1        256	         8
------------------
     18.496536   1
------------------
	1        264	         8
------------------
     18.496723   1
------------------
	1        272	         8
------------------
     18.496899   1
------------------
	1        280	         8
------------------
     18.497077   1
------------------
	1        288	         8
------------------
     18.497270   1
------------------
	1        296	         8
------------------
     18.497405   1
------------------
	1        304	         8
------------------
     18.497514   1
------------------
	1        312	         8
------------------
     18.497667   1
------------------
	1        320	         8
------------------
     18.497811   1
------------------
	1        328	         8
------------------
     18.497970   1
------------------
	1        336	         8
------------------
     18.498076   1
------------------
	1        344	         8
------------------
     18.498162   1
------------------
	1        352	         8
------------------
     18.498248   1
------------------
	1        360	         8
------------------
     18.498333   1
------------------
	1        368	         8
------------------
     18.498419   1
------------------
	1        376	         8
------------------
     18.498505   1
------------------
	1        384	         8
------------------
     18.498591   1
------------------
	1        392	         8
------------------
     18.498678   1
------------------
	1        400	         8
------------------
     18.498765   1
------------------
	1        408	         8
------------------
     18.498850   1
------------------
	1        416	         8
------------------
     18.498937   1
------------------
	1        424	         8
------------------
     18.499023   1
------------------
	1        432	         8
------------------
     18.499109   1
------------------
	1        440	         8
------------------
     18.499195   1
------------------
	1        448	         8
------------------
     18.499281   1
------------------
	1        456	         8
------------------
     18.499366   1
------------------
	1        464	         8
------------------
     18.499452   1
------------------
	1        472	         8
------------------
     18.499538   1
------------------
	1        480	         8
------------------
     18.499624   1
------------------
	1        488	         8
------------------
     18.499710   1
------------------
	1        496	         8
------------------
     18.499796   1
------------------
	1        504	         8
------------------
     18.499882   1
------------------
	1        768	         8
------------------
     18.500003   1
------------------
	1        776	         8
------------------
     18.500095   1
------------------
	1        784	         8
------------------
     18.500188   1
------------------
	1        792	         8
------------------
     18.500279   1
------------------
	1        800	         8
------------------
     18.500370   1
------------------
	1        808	         8
------------------
     18.500462   1
------------------
	1        816	         8
------------------
     18.500553   1
------------------
	1        824	         8
------------------
     18.500644   1
------------------
	1        832	         8
------------------
     18.500734   1
------------------
	1        840	         8
------------------
     18.500825   1
------------------
	1        848	         8
------------------
     18.500916   1
------------------
	1        856	         8
------------------
     18.501007   1
------------------
	1        864	         8
------------------
     18.501099   1
------------------
	1        872	         8
------------------
     18.501190   1
------------------
	1        880	         8
------------------
     18.501281   1
------------------
	1        888	         8
------------------
     18.501373   1
------------------
	1        896	         8
------------------
     18.501465   1
------------------
	1        904	         8
------------------
     18.501559   1
------------------
	1        912	         8
------------------
     18.501655   1
------------------
	1        920	         8
------------------
     18.501747   1
------------------
	1        928	         8
------------------
     18.501839   1
------------------
	1        936	         8
------------------
     18.501931   1
------------------
	1        944	         8
------------------
     18.502021   1
------------------
	1        952	         8
------------------
     18.502113   1
------------------
	1        960	         8
------------------
     18.502205   1
------------------
	1        968	         8
------------------
     18.502296   1
------------------
	1        976	         8
------------------
     18.502387   1
------------------
	1        984	         8
------------------
     18.502501   1
------------------
	1        992	         8
------------------
     18.502595   1
------------------
	1       1000	         8
------------------
     18.502688   1
------------------
	1       1008	         8
------------------
     18.502795   1
------------------
	1       1016	         8
------------------
     18.502892   1
------------------
	1        512	         8
------------------
     18.503096   1
------------------
	1         32	         8
------------------
     18.503231   1
------------------
	1       4096	         8
------------------
     18.505083   1
------------------
	1          0	         8
------------------
     18.505906   1
------------------
	0          0	         8
------------------
     18.505915   1
------------------
	0          8	         8
------------------
     18.505920   1
------------------
	0         16	         8
------------------
     18.505927   1
------------------
	0         24	         8
------------------
     18.505932   1
------------------
	0         32	         8
------------------
     18.505935   1
------------------
	0         40	         8
------------------
     18.505944   1
------------------
	0         48	         8
------------------
     18.505949   1
------------------
	0         56	         8
------------------
     18.505959   1
------------------
	0          0	         8
------------------
     18.505968   1
------------------
	0          0	         8
------------------
     18.505972   1
------------------
	0          0	         8
------------------
     18.505980   1
------------------
	0         64	         8
------------------
     18.505986   1
------------------
	0          8	         8
------------------
     18.505998   1
------------------
	0         72	         8
------------------
     18.506000   2
------------------
	0          8	         8
	0          8	         8
------------------
     18.506007   1
------------------
	0         16	         8
------------------
     18.506015   1
------------------
	0         80	         8
------------------
     18.506021   1
------------------
	0         16	         8
------------------
     18.506023   2
------------------
	0         16	         8
	0         24	         8
------------------
     18.506032   1
------------------
	0         88	         8
------------------
     18.506038   2
------------------
	0         24	         8
	0         24	         8
------------------
     18.506039   1
------------------
	0         32	         8
------------------
     18.506047   1
------------------
	0         96	         8
------------------
     18.506055   2
------------------
	0         32	         8
	0         32	         8
------------------
     18.506056   1
------------------
	0         40	         8
------------------
     18.506070   1
------------------
	0        104	         8
------------------
     18.506072   2
------------------
	0         40	         8
	0         40	         8
------------------
     18.506074   1
------------------
	0         48	         8
------------------
     18.506086   1
------------------
	0        112	         8
------------------
     18.506088   2
------------------
	0         48	         8
	0         48	         8
------------------
     18.506096   1
------------------
	0         56	         8
------------------
     18.506098   1
------------------
	0        120	         8
------------------
     18.506106   2
------------------
	0         56	         8
	0         56	         8
------------------
     18.506108   1
------------------
	0         64	         8
------------------
     18.506116   1
------------------
	0        128	         8
------------------
     18.506124   2
------------------
	0         64	         8
	0         64	         8
------------------
     18.506130   1
------------------
	0         72	         8
------------------
     18.506140   2
------------------
	0        136	         8
	0         72	         8
------------------
     18.506141   1
------------------
	0         72	         8
------------------
     18.506148   1
------------------
	0         80	         8
------------------
     18.506156   2
------------------
	0        144	         8
	0         80	         8
------------------
     18.506163   1
------------------
	0         80	         8
------------------
     18.506170   1
------------------
	0         88	         8
------------------
     18.506172   1
------------------
	0         88	         8
------------------
     18.506178   1
------------------
	0        152	         8
------------------
     18.506180   1
------------------
	0         88	         8
------------------
     18.506188   2
------------------
	0         96	         8
	0         96	         8
------------------
     18.506195   1
------------------
	0        160	         8
------------------
     18.506197   1
------------------
	0         96	         8
------------------
     18.506204   2
------------------
	0        104	         8
	0        104	         8
------------------
     18.506213   1
------------------
	0        168	         8
------------------
     18.506220   2
------------------
	0        104	         8
	0        112	         8
------------------
     18.506222   1
------------------
	0        112	         8
------------------
     18.506229   1
------------------
	0        176	         8
------------------
     18.506231   1
------------------
	0        112	         8
------------------
     18.506239   2
------------------
	0        120	         8
	0        120	         8
------------------
     18.506246   1
------------------
	0        120	         8
------------------
     18.506248   1
------------------
	0        184	         8
------------------
     18.506254   2
------------------
	0        128	         8
	0        128	         8
------------------
     18.506285   1
------------------
	0        128	         8
------------------
     18.506287   2
------------------
	0        192	         8
	0        136	         8
------------------
     18.506288   2
------------------
	0        136	         8
	0        136	         8
------------------
     18.506290   2
------------------
	0        200	         8
	0        144	         8
------------------
     18.506292   2
------------------
	0        144	         8
	0        144	         8
------------------
     18.506304   1
------------------
	0        208	         8
------------------
     18.506311   1
------------------
	0        152	         8
------------------
     18.506313   2
------------------
	0        152	         8
	0        152	         8
------------------
     18.506328   1
------------------
	0        216	         8
------------------
     18.506331   2
------------------
	0        160	         8
	0        160	         8
------------------
     18.506332   2
------------------
	0        160	         8
	0        224	         8
------------------
     18.506342   1
------------------
	0        168	         8
------------------
     18.506349   2
------------------
	0        168	         8
	0        168	         8
------------------
     18.506351   1
------------------
	0        232	         8
------------------
     18.506365   2
------------------
	0        176	         8
	0        176	         8
------------------
     18.506367   1
------------------
	0        176	         8
------------------
     18.506373   1
------------------
	0        240	         8
------------------
     18.506375   1
------------------
	0        184	         8
------------------
     18.506380   2
------------------
	0        184	         8
	0        184	         8
------------------
     18.506388   2
------------------
	0        248	         8
	0        192	         8
------------------
     18.506397   2
------------------
	0        192	         8
	0        192	         8
------------------
     18.506408   1
------------------
	0        256	         8
------------------
     18.506410   1
------------------
	0        200	         8
------------------
     18.506415   2
------------------
	0        200	         8
	0        200	         8
------------------
     18.506423   1
------------------
	0        264	         8
------------------
     18.506425   1
------------------
	0        208	         8
------------------
     18.506435   1
------------------
	0        208	         8
------------------
     18.506437   1
------------------
	0        208	         8
------------------
     18.506444   2
------------------
	0        272	         8
	0        216	         8
------------------
     18.506453   2
------------------
	0        216	         8
	0        216	         8
------------------
     18.506462   1
------------------
	0        280	         8
------------------
     18.506467   2
------------------
	0        224	         8
	0        224	         8
------------------
     18.506469   1
------------------
	0        224	         8
------------------
     18.506478   1
------------------
	0        288	         8
------------------
     18.506486   2
------------------
	0        232	         8
	0        232	         8
------------------
     18.506487   1
------------------
	0        232	         8
------------------
     18.506495   1
------------------
	0        296	         8
------------------
     18.506503   1
------------------
	0        304	         8
------------------
     18.506508   1
------------------
	0        312	         8
------------------
     18.506511   1
------------------
	0        320	         8
------------------
     18.506517   1
------------------
	0        328	         8
------------------
     18.506519   1
------------------
	0        336	         8
------------------
     18.506527   1
------------------
	0        344	         8
------------------
     18.506534   2
------------------
	0        352	         8
	0        360	         8
------------------
     18.506541   1
------------------
	0        368	         8
------------------
     18.506543   1
------------------
	0        376	         8
------------------
     18.506550   2
------------------
	0        384	         8
	0        392	         8
------------------
     18.506559   1
------------------
	0        400	         8
------------------
     18.506565   1
------------------
	0        408	         8
------------------
     18.506567   1
------------------
	0        416	         8
------------------
     18.506573   2
------------------
	0        424	         8
	0        432	         8
------------------
     18.506582   2
------------------
	0        440	         8
	0        448	         8
------------------
     18.506591   1
------------------
	0        456	         8
------------------
     18.506597   2
------------------
	0        464	         8
	0        472	         8
------------------
     18.506606   2
------------------
	0        480	         8
	0        488	         8
------------------
     18.506614   2
------------------
	0        496	         8
	0        504	         8
------------------
     18.506621   1
------------------
	0        512	         8
------------------
     18.506623   1
------------------
	0        520	         8
------------------
     18.506629   2
------------------
	0        528	         8
	0        536	         8
------------------
     18.506638   1
------------------
	0        544	         8
------------------
     18.637510   1
------------------
	0        240	         8
------------------
     18.637531   1
------------------
	0        248	         8
------------------
     18.637543   1
------------------
	0        256	         8
------------------
     18.637551   1
------------------
	0        264	         8
------------------
     18.637559   1
------------------
	0        272	         8
------------------
     18.637568   1
------------------
	0        280	         8
------------------
     18.637579   1
------------------
	0        288	         8
------------------
     18.637584   1
------------------
	0        296	         8
------------------
     18.637592   1
------------------
	0        304	         8
------------------
     18.637597   1
------------------
	0        312	         8
------------------
     18.637603   1
------------------
	0        320	         8
------------------
     18.637606   1
------------------
	0        328	         8
------------------
     18.637613   1
------------------
	0        336	         8
------------------
     18.637621   2
------------------
	0        344	         8
	0        352	         8
------------------
     18.637626   1
------------------
	0        360	         8
------------------
     18.637628   1
------------------
	0        368	         8
------------------
     18.637636   1
------------------
	0        376	         8
------------------
     18.637642   2
------------------
	0        384	         8
	0        392	         8
------------------
     18.637651   2
------------------
	0        400	         8
	0        408	         8
------------------
     18.637659   2
------------------
	0        416	         8
	0        424	         8
------------------
     18.637666   1
------------------
	0        432	         8
------------------
     18.637674   2
------------------
	0        440	         8
	0        448	         8
------------------
     18.637682   2
------------------
	0        456	         8
	0        464	         8
------------------
     18.637691   2
------------------
	0        472	         8
	0        480	         8
------------------
     18.637696   1
------------------
	0        488	         8
------------------
     18.764952   1
------------------
	0        240	         8
------------------
     18.764972   1
------------------
	0        248	         8
------------------
     18.764985   1
------------------
	0        256	         8
------------------
     18.764995   1
------------------
	0        264	         8
------------------
     18.765001   1
------------------
	0        272	         8
------------------
     18.765012   1
------------------
	0        280	         8
------------------
     18.765017   1
------------------
	0        288	         8
------------------
     18.765023   1
------------------
	0        296	         8
------------------
     18.765031   1
------------------
	0        304	         8
------------------
     18.765037   1
------------------
	0        312	         8
------------------
     18.765043   1
------------------
	0        320	         8
------------------
     18.765046   1
------------------
	0        328	         8
------------------
     18.765052   1
------------------
	0        336	         8
------------------
     18.765054   1
------------------
	0        344	         8
------------------
     18.765061   2
------------------
	0        352	         8
	0        360	         8
------------------
     18.765069   1
------------------
	0        368	         8
------------------
     18.765077   2
------------------
	0        376	         8
	0        384	         8
------------------
     18.765084   1
------------------
	0        392	         8
------------------
     18.765086   1
------------------
	0        400	         8
------------------
     18.765094   2
------------------
	0        408	         8
	0        416	         8
------------------
     18.765101   2
------------------
	0        424	         8
	0        432	         8
------------------
     18.765110   1
------------------
	0        440	         8
------------------
     18.765116   2
------------------
	0        448	         8
	0        456	         8
------------------
     18.765125   1
------------------
	0        464	         8
------------------
     18.765132   2
------------------
	0        472	         8
	0        480	         8
------------------
     18.765134   1
------------------
	0        488	         8
------------------
     18.892487   1
------------------
	0        240	         8
------------------
     18.892514   1
------------------
	0        248	         8
------------------
     18.892526   1
------------------
	0        256	         8
------------------
     18.892534   1
------------------
	0        264	         8
------------------
     18.892541   1
------------------
	0        272	         8
------------------
     18.892551   1
------------------
	0        280	         8
------------------
     18.892562   1
------------------
	0        288	         8
------------------
     18.892567   1
------------------
	0        296	         8
------------------
     18.892574   1
------------------
	0        304	         8
------------------
     18.892579   1
------------------
	0        312	         8
------------------
     18.892585   1
------------------
	0        320	         8
------------------
     18.892591   1
------------------
	0        328	         8
------------------
     18.892597   1
------------------
	0        336	         8
------------------
     18.892603   1
------------------
	0        344	         8
------------------
     18.892609   1
------------------
	0        352	         8
------------------
     18.892611   1
------------------
	0        360	         8
------------------
     18.892617   1
------------------
	0        368	         8
------------------
     18.892634   1
------------------
	0        376	         8
------------------
     18.892640   1
------------------
	0        384	         8
------------------
     18.892648   1
------------------
	0        392	         8
------------------
     18.892655   1
------------------
	0        400	         8
------------------
     18.892657   1
------------------
	0        408	         8
------------------
     18.892662   1
------------------
	0        416	         8
------------------
     18.892671   1
------------------
	0        424	         8
------------------
     18.892678   1
------------------
	0        432	         8
------------------
     18.892684   1
------------------
	0        440	         8
------------------
     18.892690   1
------------------
	0        448	         8
------------------
     18.892692   1
------------------
	0        456	         8
------------------
     18.892700   1
------------------
	0        464	         8
------------------
     18.892707   1
------------------
	0        472	         8
------------------
     18.892713   1
------------------
	0        480	         8
------------------
     18.892719   1
------------------
	0        488	         8
------------------
     18.997590   1
------------------
	0        552	         8
------------------
     18.997612   1
------------------
	0        560	         8
------------------
     18.997620   1
------------------
	0        568	         8
------------------
     18.997631   1
------------------
	0        576	         8
------------------
     18.997637   1
------------------
	0        584	         8
------------------
     18.997649   1
------------------
	0        592	         8
------------------
     18.997654   1
------------------
	0        600	         8
------------------
     18.997677   2
------------------
	0        608	         8
	0        616	         8
------------------
     18.997678   2
------------------
	0        624	         8
	0        632	         8
------------------
     18.997686   1
------------------
	0        640	         8
------------------
     18.997688   1
------------------
	0        648	         8
------------------
     18.997694   1
------------------
	0        656	         8
------------------
     18.997700   1
------------------
	0        664	         8
------------------
     18.997707   2
------------------
	0        672	         8
	0        680	         8
------------------
     18.997715   1
------------------
	0        688	         8
------------------
     18.997717   1
------------------
	0        696	         8
------------------
     18.997723   1
------------------
	0        704	         8
------------------
     18.997729   1
------------------
	0        712	         8
------------------
     18.997731   1
------------------
	0        720	         8
------------------
     18.997737   1
------------------
	0        728	         8
------------------
     18.997744   1
------------------
	0        736	         8
------------------
     18.997746   1
------------------
	0        744	         8
------------------
     18.997754   2
------------------
	0        752	         8
	0        760	         8
------------------
     18.997762   2
------------------
	0        768	         8
	0        776	         8
------------------
     18.997771   1
------------------
	0        784	         8
------------------
     18.997777   1
------------------
	0        792	         8
------------------
     18.997779   1
------------------
	0        800	         8
------------------
     19.123422   1
------------------
	0        496	         8
------------------
     19.123450   1
------------------
	0        504	         8
------------------
     19.123464   1
------------------
	0        512	         8
------------------
     19.123473   1
------------------
	0        520	         8
------------------
     19.123483   1
------------------
	0        528	         8
------------------
     19.123493   1
------------------
	0        536	         8
------------------
     19.123502   1
------------------
	0        544	         8
------------------
     19.123507   1
------------------
	0        552	         8
------------------
     19.123515   1
------------------
	0        560	         8
------------------
     19.123522   1
------------------
	0        568	         8
------------------
     19.123527   1
------------------
	0        576	         8
------------------
     19.123539   1
------------------
	0        584	         8
------------------
     19.123551   1
------------------
	0        592	         8
------------------
     19.123561   1
------------------
	0        600	         8
------------------
     19.123566   1
------------------
	0        608	         8
------------------
     19.123578   1
------------------
	0        616	         8
------------------
     19.123586   1
------------------
	0        624	         8
------------------
     19.123595   1
------------------
	0        632	         8
------------------
     19.123604   1
------------------
	0        640	         8
------------------
     19.123616   1
------------------
	0        648	         8
------------------
     19.123623   1
------------------
	0        656	         8
------------------
     19.123628   1
------------------
	0        664	         8
------------------
     19.123635   1
------------------
	0        672	         8
------------------
     19.123641   1
------------------
	0        680	         8
------------------
     19.123648   1
------------------
	0        688	         8
------------------
     19.123655   1
------------------
	0        696	         8
------------------
     19.123665   1
------------------
	0        704	         8
------------------
     19.123667   1
------------------
	0        712	         8
------------------
     19.123671   1
------------------
	0        720	         8
------------------
     19.123678   1
------------------
	0        728	         8
------------------
     19.123684   2
------------------
	0        736	         8
	0        744	         8
------------------
     19.246541   1
------------------
	0        496	         8
------------------
     19.246579   1
------------------
	0        504	         8
------------------
     19.246590   1
------------------
	0        512	         8
------------------
     19.246604   1
------------------
	0        520	         8
------------------
     19.246613   1
------------------
	0        528	         8
------------------
     19.246622   1
------------------
	0        536	         8
------------------
     19.246628   1
------------------
	0        544	         8
------------------
     19.246636   1
------------------
	0        552	         8
------------------
     19.246643   1
------------------
	0        560	         8
------------------
     19.246650   2
------------------
	0        568	         8
	0        576	         8
------------------
     19.246659   1
------------------
	0        584	         8
------------------
     19.246665   1
------------------
	0        592	         8
------------------
     19.246672   1
------------------
	0        600	         8
------------------
     19.246678   1
------------------
	0        608	         8
------------------
     19.246680   1
------------------
	0        616	         8
------------------
     19.246690   1
------------------
	0        624	         8
------------------
     19.246695   1
------------------
	0        632	         8
------------------
     19.246702   1
------------------
	0        640	         8
------------------
     19.246708   1
------------------
	0        648	         8
------------------
     19.246713   1
------------------
	0        656	         8
------------------
     19.246719   1
------------------
	0        664	         8
------------------
     19.246726   1
------------------
	0        672	         8
------------------
     19.246733   1
------------------
	0        680	         8
------------------
     19.246741   2
------------------
	0        688	         8
	0        696	         8
------------------
     19.246749   1
------------------
	0        704	         8
------------------
     19.246757   1
------------------
	0        712	         8
------------------
     19.246763   1
------------------
	0        720	         8
------------------
     19.246769   1
------------------
	0        728	         8
------------------
     19.246776   1
------------------
	0        736	         8
------------------
     19.246782   1
------------------
	0        744	         8
------------------
     19.369796   1
------------------
	0        496	         8
------------------
     19.369821   1
------------------
	0        504	         8
------------------
     19.369835   1
------------------
	0        512	         8
------------------
     19.369847   1
------------------
	0        520	         8
------------------
     19.369860   1
------------------
	0        528	         8
------------------
     19.369875   1
------------------
	0        536	         8
------------------
     19.369880   1
------------------
	0        544	         8
------------------
     19.369885   1
------------------
	0        552	         8
------------------
     19.369891   1
------------------
	0        560	         8
------------------
     19.369897   1
------------------
	0        568	         8
------------------
     19.369904   1
------------------
	0        576	         8
------------------
     19.369911   1
------------------
	0        584	         8
------------------
     19.369917   1
------------------
	0        592	         8
------------------
     19.369928   1
------------------
	0        600	         8
------------------
     19.369934   1
------------------
	0        608	         8
------------------
     19.369940   1
------------------
	0        616	         8
------------------
     19.369946   1
------------------
	0        624	         8
------------------
     19.369953   1
------------------
	0        632	         8
------------------
     19.369960   1
------------------
	0        640	         8
------------------
     19.369967   1
------------------
	0        648	         8
------------------
     19.369972   1
------------------
	0        656	         8
------------------
     19.369983   1
------------------
	0        664	         8
------------------
     19.369986   1
------------------
	0        672	         8
------------------
     19.369995   1
------------------
	0        680	         8
------------------
     19.370001   1
------------------
	0        688	         8
------------------
     19.370007   1
------------------
	0        696	         8
------------------
     19.370015   1
------------------
	0        704	         8
------------------
     19.370020   1
------------------
	0        712	         8
------------------
     19.370029   1
------------------
	0        720	         8
------------------
     19.370036   1
------------------
	0        728	         8
------------------
     19.370040   1
------------------
	0        736	         8
------------------
     19.370049   1
------------------
	0        744	         8
------------------
     19.495303   1
------------------
	0        808	         8
------------------
     19.495328   1
------------------
	0        816	         8
------------------
     19.495342   1
------------------
	0        824	         8
------------------
     19.495353   1
------------------
	0        832	         8
------------------
     19.495361   1
------------------
	0        840	         8
------------------
     19.495374   1
------------------
	0        848	         8
------------------
     19.495385   1
------------------
	0        856	         8
------------------
     19.495393   1
------------------
	0        864	         8
------------------
     19.495398   1
------------------
	0        872	         8
------------------
     19.495405   1
------------------
	0        880	         8
------------------
     19.495410   1
------------------
	0        888	         8
------------------
     19.495417   1
------------------
	0        896	         8
------------------
     19.495423   1
------------------
	0        904	         8
------------------
     19.495426   1
------------------
	0        912	         8
------------------
     19.495433   1
------------------
	0        920	         8
------------------
     19.495440   1
------------------
	0        928	         8
------------------
     19.495446   1
------------------
	0        936	         8
------------------
     19.495455   2
------------------
	0        944	         8
	0        952	         8
------------------
     19.495463   1
------------------
	0        960	         8
------------------
     19.495471   2
------------------
	0        968	         8
	0        976	         8
------------------
     19.495478   1
------------------
	0        984	         8
------------------
     19.495487   1
------------------
	0        992	         8
------------------
     19.495492   1
------------------
	0       1000	         8
------------------
     19.495499   1
------------------
	0       1008	         8
------------------
     19.495501   1
------------------
	0       1016	         8
------------------
     19.495517   1
------------------
	0       1024	         8
------------------
     19.495527   1
------------------
	0       1032	         8
------------------
     19.495533   1
------------------
	0       1040	         8
------------------
     19.495540   1
------------------
	0       1048	         8
------------------
     19.495551   1
------------------
	0       1056	         8
------------------
     19.618540   1
------------------
	0        752	         8
------------------
     19.618562   1
------------------
	0        760	         8
------------------
     19.618576   1
------------------
	0        768	         8
------------------
     19.618587   1
------------------
	0        776	         8
------------------
     19.618598   1
------------------
	0        784	         8
------------------
     19.618621   2
------------------
	0        792	         8
	0        800	         8
------------------
     19.618628   1
------------------
	0        808	         8
------------------
     19.618636   1
------------------
	0        816	         8
------------------
     19.618643   1
------------------
	0        824	         8
------------------
     19.618652   1
------------------
	0        832	         8
------------------
     19.618657   1
------------------
	0        840	         8
------------------
     19.618665   1
------------------
	0        848	         8
------------------
     19.618673   1
------------------
	0        856	         8
------------------
     19.618681   1
------------------
	0        864	         8
------------------
     19.618687   1
------------------
	0        872	         8
------------------
     19.618691   1
------------------
	0        880	         8
------------------
     19.618698   1
------------------
	0        888	         8
------------------
     19.618704   1
------------------
	0        896	         8
------------------
     19.618710   1
------------------
	0        904	         8
------------------
     19.618716   1
------------------
	0        912	         8
------------------
     19.618723   1
------------------
	0        920	         8
------------------
     19.618730   1
------------------
	0        928	         8
------------------
     19.618736   1
------------------
	0        936	         8
------------------
     19.618745   1
------------------
	0        944	         8
------------------
     19.618754   1
------------------
	0        952	         8
------------------
     19.618758   1
------------------
	0        960	         8
------------------
     19.618766   1
------------------
	0        968	         8
------------------
     19.618771   1
------------------
	0        976	         8
------------------
     19.618778   1
------------------
	0        984	         8
------------------
     19.618784   1
------------------
	0        992	         8
------------------
     19.618795   1
------------------
	0       1000	         8
------------------
     19.749863   1
------------------
	1 8178892672	         8
------------------
     19.750128   1
------------------
	1 8178892784	         8
------------------
     19.750341   1
------------------
	1          0	         8
------------------
     19.750356   1
------------------
	0       1512	         8
------------------
     19.750370   1
------------------
	0       1184	         8
------------------
     19.750372   1
------------------
	0       1520	         8
------------------
     19.750375   2
------------------
	0       1192	         8
	0       1528	         8
------------------
     19.750383   1
------------------
	0       1200	         8
------------------
     19.750391   1
------------------
	0       1208	         8
------------------
     19.750397   1
------------------
	0       1216	         8
------------------
     19.750406   1
------------------
	0       1224	         8
------------------
     19.750413   1
------------------
	0       1232	         8
------------------
     19.750424   2
------------------
	0       1240	         8
	0       1248	         8
------------------
     19.750432   1
------------------
	0       1256	         8
------------------
     19.750441   1
------------------
	0       1264	         8
------------------
     19.750455   2
------------------
	0       1272	         8
	0       1280	         8
------------------
     19.750463   1
------------------
	0       1288	         8
------------------
     19.750471   1
------------------
	0       1296	         8
------------------
     19.750483   1
------------------
	0       1304	         8
------------------
     19.750488   1
------------------
	0       1312	         8
------------------
     19.750491   1
------------------
	0       1320	         8
------------------
     19.750618   1
------------------
	1          8	         8
------------------
     19.755118   1
------------------
	1 8178892792	         8
------------------
     19.755350   1
------------------
	1 8178892536	         8
------------------
     19.755735   1
------------------
	1 8178892736	         8
------------------
     19.755971   1
------------------
	1 8178892544	         8
------------------
     19.756193   1
------------------
	1 8178892400	         8
------------------
     19.756460   1
------------------
	1       2048	         8
------------------
     19.760074   1
------------------
	1         24	         8
------------------
     19.760373   1
------------------
	1         56	         8
------------------
     19.760645   1
------------------
	1        120	         8
------------------
     19.760920   1
------------------
	1         16	         8
------------------
     19.761183   1
------------------
	1        128	         8
------------------
     19.761378   1
------------------
	1         64	         8
------------------
     19.761482   1
------------------
	1        256	         8
